0.000058,-0.000524,0.700000,0.006472,0.000032,0.000000
0.000215,-0.000523,0.700000,0.007842,0.000038,0.000000
0.000403,-0.000522,0.700000,0.009411,0.000045,0.000000
0.000627,-0.000521,0.700000,0.011195,0.000054,0.000000
0.000891,-0.000520,0.700000,0.013211,0.000063,0.000000
0.001200,-0.000518,0.700000,0.015477,0.000073,0.000000
0.001561,-0.000516,0.700000,0.018009,0.000085,0.000000
0.001977,-0.000515,0.700000,0.020824,0.000097,0.000000
0.002456,-0.000512,0.700000,0.023940,0.000111,0.000000
0.003003,-0.000510,0.700000,0.027375,0.000126,0.000000
0.003626,-0.000507,0.700000,0.031147,0.000143,0.000000
0.004332,-0.000504,0.700000,0.035272,0.000161,0.000000
0.005127,-0.000500,0.700000,0.039769,0.000181,0.000000
0.006020,-0.000496,0.700000,0.044654,0.000202,0.000000
0.007019,-0.000492,0.700000,0.049945,0.000225,0.000000
0.008132,-0.000487,0.700000,0.055656,0.000249,0.000000
0.009368,-0.000481,0.700000,0.061799,0.000276,0.000000
0.010736,-0.000475,0.700000,0.068386,0.000304,0.000000
0.012244,-0.000468,0.700000,0.075428,0.000333,0.000000
0.013903,-0.000461,0.700000,0.082931,0.000364,0.000000
0.015721,-0.000453,0.700000,0.090904,0.000397,0.000000
0.017708,-0.000444,0.700000,0.099350,0.000432,0.000000
0.019874,-0.000435,0.700000,0.108274,0.000468,0.000000
0.022227,-0.000425,0.700000,0.117678,0.000506,0.000000
0.024778,-0.000414,0.700000,0.127563,0.000546,0.000000
0.027537,-0.000402,0.700000,0.137928,0.000587,0.000000
0.030512,-0.000390,0.700000,0.148771,0.000630,0.000000
0.033714,-0.000376,0.700000,0.160091,0.000674,0.000000
0.037152,-0.000362,0.700000,0.171881,0.000719,0.000000
0.040835,-0.000347,0.700000,0.184137,0.000766,0.000000
0.044772,-0.000330,0.700000,0.196853,0.000814,0.000000
0.048972,-0.000313,0.700000,0.210020,0.000863,0.000000
0.053445,-0.000295,0.700000,0.223631,0.000913,0.000000
0.058198,-0.000275,0.700000,0.237674,0.000964,0.000000
0.063241,-0.000255,0.700000,0.252141,0.001017,0.000000
0.068581,-0.000234,0.700000,0.267018,0.001070,0.000000
0.074227,-0.000211,0.700000,0.282295,0.001123,0.000000
0.080186,-0.000188,0.700000,0.297957,0.001178,0.000000
0.086466,-0.000163,0.700000,0.313991,0.001233,0.000000
0.093074,-0.000137,0.700000,0.330382,0.001288,0.000000
0.100016,-0.000110,0.700000,0.347116,0.001344,0.000000
0.107300,-0.000082,0.700000,0.364176,0.001400,0.000000
0.114931,-0.000053,0.700000,0.381546,0.001456,0.000000
0.122915,-0.000023,0.700000,0.399210,0.001512,0.000000
0.131258,0.000008,0.700000,0.417150,0.001569,0.000000
0.139965,0.000041,0.700000,0.435348,0.001625,0.000000
0.149040,0.000074,0.700000,0.453785,0.001681,0.000000
0.158489,0.000109,0.700000,0.472443,0.001737,0.000000
0.168315,0.000145,0.700000,0.491300,0.001792,0.000000
0.178522,0.000182,0.700000,0.510336,0.001847,0.000000
0.189113,0.000220,0.700000,0.529530,0.001902,0.000000
0.200090,0.000259,0.700000,0.548860,0.001955,0.000000
0.211456,0.000299,0.700000,0.568302,0.002009,0.000000
0.223213,0.000341,0.700000,0.587835,0.002061,0.000000
0.235361,0.000383,0.700000,0.607435,0.002112,0.000000
0.247903,0.000426,0.700000,0.627079,0.002162,0.000000
0.260838,0.000470,0.700000,0.646742,0.002212,0.000000
0.274166,0.000515,0.700000,0.666402,0.002260,0.000000
0.287886,0.000562,0.700000,0.686033,0.002307,0.000000
0.301999,0.000609,0.700000,0.705613,0.002352,0.000000
0.316501,0.000657,0.700000,0.725116,0.002396,0.000000
0.331391,0.000705,0.700000,0.744518,0.002439,0.000000
0.346667,0.000755,0.700000,0.763796,0.002480,0.000000
0.362326,0.000805,0.700000,0.782926,0.002520,0.000000
0.378364,0.000856,0.700000,0.801884,0.002558,0.000000
0.394776,0.000908,0.700000,0.820645,0.002594,0.000000
0.411560,0.000961,0.700000,0.839188,0.002628,0.000000
0.428710,0.001014,0.700000,0.857488,0.002661,0.000000
0.446220,0.001068,0.700000,0.875524,0.002692,0.000000
0.464086,0.001122,0.700000,0.893272,0.002721,0.000000
0.482300,0.001177,0.700000,0.910711,0.002748,0.000000
0.500856,0.001233,0.700000,0.927820,0.002773,0.000000
0.519748,0.001289,0.700000,0.944576,0.002796,0.000000
0.538967,0.001345,0.700000,0.960960,0.002818,0.000000
0.558506,0.001402,0.700000,0.976952,0.002837,0.000000
0.578357,0.001459,0.700000,0.992531,0.002854,0.000000
0.598357,0.001516,0.700000,1.000000,0.002870,0.000000
0.618357,0.001574,0.700000,1.000000,0.002884,0.000000
0.638357,0.001632,0.700000,1.000000,0.002897,0.000000
0.658357,0.001690,0.700000,1.000000,0.002909,0.000000
0.678357,0.001749,0.700000,1.000000,0.002920,0.000000
0.698357,0.001807,0.700000,1.000000,0.002930,0.000000
0.718357,0.001866,0.700000,1.000000,0.002938,0.000000
0.738357,0.001925,0.700000,1.000000,0.002945,0.000000
0.758357,0.001984,0.700000,1.000000,0.002951,0.000000
0.778357,0.002043,0.700000,1.000000,0.002956,0.000000
0.798357,0.002102,0.700000,1.000000,0.002959,0.000000
0.818357,0.002161,0.700000,1.000000,0.002961,0.000000
0.838357,0.002221,0.700000,1.000000,0.002962,0.000000
0.858357,0.002280,0.700000,1.000000,0.002961,0.000000
0.878357,0.002339,0.700000,1.000000,0.002959,0.000000
0.898357,0.002398,0.700000,1.000000,0.002955,0.000000
0.918357,0.002457,0.700000,1.000000,0.002950,0.000000
0.938357,0.002516,0.700000,1.000000,0.002944,0.000000
0.958357,0.002575,0.700000,1.000000,0.002936,0.000000
0.978357,0.002633,0.700000,1.000000,0.002926,0.000000
0.998357,0.002691,0.700000,1.000000,0.002915,0.000000
1.018357,0.002750,0.700000,1.000000,0.002902,0.000000
1.038357,0.002807,0.700000,1.000000,0.002888,0.000000
1.058357,0.002865,0.700000,1.000000,0.002872,0.000000
1.078357,0.002922,0.700000,1.000000,0.002855,0.000000
1.098357,0.002979,0.700000,1.000000,0.002836,0.000000
1.118357,0.003035,0.700000,1.000000,0.002816,0.000000
1.138357,0.003091,0.700000,1.000000,0.002794,0.000000
1.158357,0.003146,0.700000,1.000000,0.002770,0.000000
1.178357,0.003201,0.700000,1.000000,0.002745,0.000000
1.198357,0.003255,0.700000,1.000000,0.002718,0.000000
1.218357,0.003309,0.700000,1.000000,0.002690,0.000000
1.238357,0.003362,0.700000,1.000000,0.002660,0.000000
1.258357,0.003415,0.700000,1.000000,0.002628,0.000000
1.278357,0.003467,0.700000,1.000000,0.002595,0.000000
1.298357,0.003518,0.700000,1.000000,0.002561,0.000000
1.318357,0.003569,0.700000,1.000000,0.002524,0.000000
1.338357,0.003618,0.700000,1.000000,0.002487,0.000000
1.358357,0.003667,0.700000,1.000000,0.002448,0.000000
1.378357,0.003715,0.700000,1.000000,0.002408,0.000000
1.398357,0.003763,0.700000,1.000000,0.002366,0.000000
1.418357,0.003809,0.700000,1.000000,0.002323,0.000000
1.438357,0.003855,0.700000,1.000000,0.002278,0.000000
1.458357,0.003899,0.700000,1.000000,0.002233,0.000000
1.478357,0.003943,0.700000,1.000000,0.002186,0.000000
1.498357,0.003986,0.700000,1.000000,0.002138,0.000000
1.518357,0.004028,0.700000,1.000000,0.002089,0.000000
1.538357,0.004068,0.700000,1.000000,0.002039,0.000000
1.558348,0.004108,0.700000,0.999580,0.001988,0.000000
1.578313,0.004147,0.700000,0.998221,0.001936,0.000000
1.598231,0.004185,0.700000,0.995921,0.001882,0.000000
1.618085,0.004221,0.700000,0.992678,0.001827,0.000000
1.637855,0.004257,0.700000,0.988490,0.001771,0.000000
1.657522,0.004291,0.700000,0.983360,0.001714,0.000000
1.677068,0.004324,0.700000,0.977291,0.001655,0.000000
1.696473,0.004356,0.700000,0.970285,0.001594,0.000000
1.715720,0.004386,0.700000,0.962351,0.001532,0.000000
1.734790,0.004416,0.700000,0.953493,0.001469,0.000000
1.753665,0.004444,0.700000,0.943722,0.001404,0.000000
1.772326,0.004471,0.700000,0.933045,0.001338,0.000000
1.790755,0.004496,0.700000,0.921475,0.001270,0.000000
1.808936,0.004520,0.700000,0.909024,0.001200,0.000000
1.826850,0.004543,0.700000,0.895703,0.001130,0.000000
1.844480,0.004564,0.700000,0.881529,0.001058,0.000000
1.861811,0.004583,0.700000,0.866520,0.000984,0.000000
1.878825,0.004602,0.700000,0.850695,0.000910,0.000000
1.895506,0.004618,0.700000,0.834078,0.000835,0.000000
1.911840,0.004634,0.700000,0.816692,0.000758,0.000000
1.927811,0.004647,0.700000,0.798564,0.000681,0.000000
1.943406,0.004659,0.700000,0.779723,0.000604,0.000000
1.958610,0.004670,0.700000,0.760200,0.000526,0.000000
1.973410,0.004679,0.700000,0.740026,0.000447,0.000000
1.987795,0.004686,0.700000,0.719235,0.000369,0.000000
2.001752,0.004692,0.700000,0.697863,0.000291,0.000000
2.015271,0.004696,0.700000,0.675946,0.000213,0.000000
2.028341,0.004699,0.700000,0.653521,0.000135,0.000000
2.040954,0.004700,0.700000,0.630629,0.000058,0.000000
2.053100,0.004700,0.700000,0.607308,-0.000018,0.000000
2.064772,0.004698,0.700000,0.583600,-0.000092,0.000000
2.075963,0.004694,0.700000,0.559546,-0.000166,0.000000
2.086667,0.004690,0.700000,0.535188,-0.000238,0.000000
2.096878,0.004684,0.700000,0.510570,-0.000308,0.000000
2.106593,0.004676,0.700000,0.485735,-0.000376,0.000000
2.115808,0.004667,0.700000,0.460727,-0.000442,0.000000
2.124519,0.004657,0.700000,0.435589,-0.000505,0.000000
2.132727,0.004646,0.700000,0.410366,-0.000566,0.000000
2.140429,0.004633,0.700000,0.385103,-0.000625,0.000000
2.147626,0.004620,0.700000,0.359843,-0.000680,0.000000
2.154318,0.004605,0.700000,0.334630,-0.000732,0.000000
2.160508,0.004589,0.700000,0.309509,-0.000781,0.000000
2.166199,0.004573,0.700000,0.284523,-0.000826,0.000000
2.171393,0.004556,0.700000,0.259716,-0.000868,0.000000
2.176096,0.004537,0.700000,0.235130,-0.000906,0.000000
2.180645,0.004509,0.700000,0.227467,-0.001438,0.000000
2.185046,0.004470,0.700000,0.220031,-0.001952,0.000000
2.189302,0.004421,0.700000,0.212818,-0.002447,0.000000
2.193418,0.004362,0.700000,0.205821,-0.002923,0.000000
2.197399,0.004295,0.700000,0.199036,-0.003379,0.000000
2.201248,0.004218,0.700000,0.192458,-0.003815,0.000000
2.204970,0.004134,0.700000,0.186082,-0.004230,0.000000
2.208568,0.004041,0.700000,0.179902,-0.004625,0.000000
2.212046,0.003941,0.700000,0.173915,-0.004998,0.000000
2.215409,0.003834,0.700000,0.168114,-0.005350,0.000000
2.218659,0.003721,0.700000,0.162496,-0.005680,0.000000
2.221800,0.003601,0.700000,0.157057,-0.005989,0.000000
2.224835,0.003475,0.700000,0.151791,-0.006276,0.000000
2.227769,0.003345,0.700000,0.146694,-0.006541,0.000000
2.230605,0.003209,0.700000,0.141763,-0.006785,0.000000
2.233344,0.003069,0.700000,0.136992,-0.007006,0.000000
2.235992,0.002925,0.700000,0.132378,-0.007207,0.000000
2.238550,0.002777,0.700000,0.127917,-0.007386,0.000000
2.241022,0.002626,0.700000,0.123604,-0.007544,0.000000
2.243411,0.002472,0.700000,0.119436,-0.007681,0.000000
2.245719,0.002317,0.700000,0.115409,-0.007797,0.000000
2.247950,0.002159,0.700000,0.111519,-0.007893,0.000000
2.250105,0.001999,0.700000,0.107763,-0.007969,0.000000
2.252188,0.001839,0.700000,0.104136,-0.008026,0.000000
2.254200,0.001677,0.700000,0.100635,-0.008064,0.000000
2.256146,0.001516,0.700000,0.097257,-0.008083,0.000000
2.258026,0.001354,0.700000,0.093999,-0.008084,0.000000
2.259843,0.001193,0.700000,0.090856,-0.008068,0.000000
2.261599,0.001032,0.700000,0.087825,-0.008035,0.000000
2.263297,0.000872,0.700000,0.084904,-0.007985,0.000000
2.264939,0.000714,0.700000,0.082088,-0.007919,0.000000
2.266526,0.000557,0.700000,0.079375,-0.007838,0.000000
2.268062,0.000402,0.700000,0.076761,-0.007742,0.000000
2.269547,0.000250,0.700000,0.074244,-0.007632,0.000000
2.270983,0.000100,0.700000,0.071821,-0.007508,0.000000
2.272373,-0.000048,0.700000,0.069488,-0.007372,0.000000
2.273718,-0.000192,0.700000,0.067243,-0.007224,0.000000
2.275019,-0.000334,0.700000,0.065082,-0.007064,0.000000
2.276279,-0.000472,0.700000,0.063003,-0.006894,0.000000
2.277499,-0.000606,0.700000,0.061004,-0.006713,0.000000
2.278681,-0.000736,0.700000,0.059081,-0.006524,0.000000
2.279826,-0.000863,0.700000,0.057232,-0.006325,0.000000
2.280935,-0.000985,0.700000,0.055454,-0.006118,0.000000
2.282010,-0.001103,0.700000,0.053745,-0.005904,0.000000
2.283052,-0.001217,0.700000,0.052103,-0.005683,0.000000
2.284062,-0.001326,0.700000,0.050524,-0.005456,0.000000
2.285042,-0.001430,0.700000,0.049007,-0.005224,0.000000
2.285993,-0.001530,0.700000,0.047550,-0.004987,0.000000
2.286916,-0.001625,0.700000,0.046149,-0.004746,0.000000
2.287812,-0.001715,0.700000,0.044803,-0.004501,0.000000
2.288683,-0.001800,0.700000,0.043510,-0.004253,0.000000
2.289528,-0.001880,0.700000,0.042268,-0.004004,0.000000
2.290349,-0.001955,0.700000,0.041074,-0.003753,0.000000
2.291148,-0.002025,0.700000,0.039927,-0.003500,0.000000
2.291924,-0.002090,0.700000,0.038824,-0.003247,0.000000
2.292680,-0.002150,0.700000,0.037765,-0.002995,0.000000
2.293415,-0.002205,0.700000,0.036746,-0.002743,0.000000
2.294130,-0.002255,0.700000,0.035767,-0.002492,0.000000
2.294826,-0.002300,0.700000,0.034825,-0.002242,0.000000
2.295505,-0.002340,0.700000,0.033919,-0.001995,0.000000
2.296166,-0.002375,0.700000,0.033047,-0.001751,0.000000
2.296810,-0.002405,0.700000,0.032208,-0.001509,0.000000
2.297438,-0.002430,0.700000,0.031399,-0.001271,0.000000
2.298050,-0.002451,0.700000,0.030621,-0.001037,0.000000
2.298648,-0.002467,0.700000,0.029871,-0.000807,0.000000
2.299231,-0.002479,0.700000,0.029148,-0.000582,0.000000
2.299800,-0.002486,0.700000,0.028450,-0.000362,0.000000
2.300355,-0.002489,0.700000,0.027777,-0.000147,0.000000
2.300898,-0.002488,0.700000,0.027127,0.000062,0.000000
2.301428,-0.002482,0.700000,0.026499,0.000266,0.000000
2.301946,-0.002473,0.700000,0.025891,0.000463,0.000000
2.302452,-0.002460,0.700000,0.025303,0.000654,0.000000
2.302946,-0.002443,0.700000,0.024734,0.000838,0.000000
2.303430,-0.002423,0.700000,0.024183,0.001015,0.000000
2.303903,-0.002399,0.700000,0.023648,0.001185,0.000000
2.304365,-0.002372,0.700000,0.023129,0.001348,0.000000
2.304818,-0.002342,0.700000,0.022625,0.001504,0.000000
2.305261,-0.002309,0.700000,0.022135,0.001652,0.000000
2.305694,-0.002273,0.700000,0.021658,0.001793,0.000000
2.306118,-0.002235,0.700000,0.021193,0.001926,0.000000
2.306533,-0.002194,0.700000,0.020741,0.002051,0.000000
2.306938,-0.002150,0.700000,0.020300,0.002169,0.000000
2.307336,-0.002105,0.700000,0.019869,0.002278,0.000000
2.307725,-0.002057,0.700000,0.019447,0.002380,0.000000
2.308106,-0.002008,0.700000,0.019036,0.002474,0.000000
2.308478,-0.001957,0.700000,0.018633,0.002561,0.000000
2.308843,-0.001904,0.700000,0.018238,0.002639,0.000000
2.309200,-0.001850,0.700000,0.017851,0.002710,0.000000
2.309549,-0.001794,0.700000,0.017471,0.002773,0.000000
2.309891,-0.001737,0.700000,0.017098,0.002829,0.000000
2.310226,-0.001680,0.700000,0.016731,0.002877,0.000000
2.310553,-0.001622,0.700000,0.016371,0.002918,0.000000
2.310874,-0.001563,0.700000,0.016016,0.002952,0.000000
2.311187,-0.001503,0.700000,0.015667,0.002978,0.000000
2.311494,-0.001443,0.700000,0.015323,0.002998,0.000000
2.311793,-0.001383,0.700000,0.014985,0.003010,0.000000
2.312086,-0.001322,0.700000,0.014650,0.003017,0.000000
2.312373,-0.001262,0.700000,0.014320,0.003016,0.000000
2.312653,-0.001202,0.700000,0.013995,0.003010,0.000000
2.312926,-0.001142,0.700000,0.013674,0.002997,0.000000
2.313193,-0.001082,0.700000,0.013356,0.002978,0.000000
2.313454,-0.001023,0.700000,0.013042,0.002954,0.000000
2.313709,-0.000965,0.700000,0.012732,0.002924,0.000000
2.313957,-0.000907,0.700000,0.012426,0.002889,0.000000
2.314200,-0.000850,0.700000,0.012123,0.002849,0.000000
2.314436,-0.000794,0.700000,0.011824,0.002804,0.000000
2.314667,-0.000739,0.700000,0.011527,0.002754,0.000000
2.314891,-0.000685,0.700000,0.011235,0.002701,0.000000
2.315110,-0.000632,0.700000,0.010945,0.002642,0.000000
2.315323,-0.000581,0.700000,0.010659,0.002581,0.000000
2.315531,-0.000530,0.700000,0.010376,0.002515,0.000000
2.315733,-0.000481,0.700000,0.010096,0.002446,0.000000
2.315929,-0.000434,0.700000,0.009819,0.002374,0.000000
2.316120,-0.000388,0.700000,0.009545,0.002299,0.000000
2.316306,-0.000343,0.700000,0.009275,0.002221,0.000000
2.316486,-0.000301,0.700000,0.009008,0.002141,0.000000
2.316661,-0.000259,0.700000,0.008745,0.002059,0.000000
2.316830,-0.000220,0.700000,0.008484,0.001974,0.000000
2.316995,-0.000182,0.700000,0.008227,0.001888,0.000000
2.317154,-0.000146,0.700000,0.007974,0.001801,0.000000
2.317309,-0.000112,0.700000,0.007724,0.001712,0.000000
2.317458,-0.000080,0.700000,0.007477,0.001622,0.000000
2.317603,-0.000049,0.700000,0.007234,0.001531,0.000000
2.317743,-0.000020,0.700000,0.006995,0.001439,0.000000
2.317878,0.000007,0.700000,0.006760,0.001347,0.000000
2.318009,0.000032,0.700000,0.006528,0.001255,0.000000
2.318135,0.000055,0.700000,0.006300,0.001163,0.000000
2.318256,0.000077,0.700000,0.006075,0.001071,0.000000
2.318373,0.000096,0.700000,0.005855,0.000980,0.000000
2.318486,0.000114,0.700000,0.005639,0.000889,0.000000
2.318595,0.000130,0.700000,0.005427,0.000798,0.000000
2.318699,0.000144,0.700000,0.005218,0.000709,0.000000
2.318799,0.000157,0.700000,0.005014,0.000620,0.000000
2.318896,0.000167,0.700000,0.004815,0.000533,0.000000
2.318988,0.000176,0.700000,0.004619,0.000447,0.000000
2.319077,0.000183,0.700000,0.004428,0.000363,0.000000
2.319161,0.000189,0.700000,0.004240,0.000280,0.000000
2.319242,0.000193,0.700000,0.004058,0.000199,0.000000
2.319320,0.000195,0.700000,0.003879,0.000120,0.000000
2.319394,0.000196,0.700000,0.003705,0.000043,0.000000
2.319465,0.000196,0.700000,0.003536,-0.000032,0.000000
2.319532,0.000193,0.700000,0.003371,-0.000105,0.000000
2.319597,0.000190,0.700000,0.003210,-0.000176,0.000000
2.319658,0.000185,0.700000,0.003054,-0.000244,0.000000
2.319716,0.000179,0.700000,0.002903,-0.000310,0.000000
2.319771,0.000171,0.700000,0.002756,-0.000373,0.000000
2.319823,0.000163,0.700000,0.002613,-0.000434,0.000000
2.319873,0.000153,0.700000,0.002475,-0.000492,0.000000
2.319919,0.000142,0.700000,0.002341,-0.000548,0.000000
2.319964,0.000130,0.700000,0.002212,-0.000601,0.000000
2.320005,0.000117,0.700000,0.002087,-0.000651,0.000000
2.320045,0.000103,0.700000,0.001967,-0.000698,0.000000
2.320082,0.000088,0.700000,0.001851,-0.000743,0.000000
2.320116,0.000072,0.700000,0.001740,-0.000784,0.000000
2.320149,0.000056,0.700000,0.001633,-0.000823,0.000000
2.320180,0.000039,0.700000,0.001530,-0.000859,0.000000
2.320208,0.000021,0.700000,0.001431,-0.000893,0.000000
2.320235,0.000002,0.700000,0.001337,-0.000923,0.000000
2.320260,-0.000017,0.700000,0.001246,-0.000951,0.000000
2.320283,-0.000036,0.700000,0.001160,-0.000976,0.000000
2.320305,-0.000056,0.700000,0.001078,-0.000998,0.000000
2.320325,-0.000076,0.700000,0.001000,-0.001018,0.000000
2.320343,-0.000097,0.700000,0.000926,-0.001035,0.000000
2.320360,-0.000118,0.700000,0.000856,-0.001049,0.000000
2.320376,-0.000139,0.700000,0.000789,-0.001061,0.000000
2.320391,-0.000161,0.700000,0.000726,-0.001070,0.000000
2.320404,-0.000182,0.700000,0.000667,-0.001077,0.000000
2.320416,-0.000204,0.700000,0.000611,-0.001081,0.000000
2.320427,-0.000226,0.700000,0.000559,-0.001083,0.000000
2.320438,-0.000247,0.700000,0.000510,-0.001083,0.000000
2.320447,-0.000269,0.700000,0.000465,-0.001081,0.000000
2.320455,-0.000290,0.700000,0.000422,-0.001076,0.000000
2.320463,-0.000312,0.700000,0.000383,-0.001069,0.000000
2.320470,-0.000333,0.700000,0.000347,-0.001061,0.000000
2.320476,-0.000354,0.700000,0.000313,-0.001050,0.000000
2.320482,-0.000375,0.700000,0.000283,-0.001037,0.000000
2.320487,-0.000395,0.700000,0.000255,-0.001023,0.000000
2.320492,-0.000415,0.700000,0.000230,-0.001007,0.000000
2.320496,-0.000435,0.700000,0.000208,-0.000990,0.000000
2.320500,-0.000455,0.700000,0.000188,-0.000971,0.000000
2.320503,-0.000474,0.700000,0.000170,-0.000950,0.000000
2.320506,-0.000492,0.700000,0.000154,-0.000928,0.000000
2.320509,-0.000510,0.700000,0.000141,-0.000905,0.000000
2.320511,-0.000528,0.700000,0.000130,-0.000881,0.000000
2.320514,-0.000545,0.700000,0.000120,-0.000855,0.000000
2.320516,-0.000561,0.700000,0.000113,-0.000829,0.000000
2.320518,-0.000578,0.700000,0.000107,-0.000801,0.000000
2.320520,-0.000593,0.700000,0.000103,-0.000773,0.000000
2.320522,-0.000608,0.700000,0.000100,-0.000744,0.000000
2.320524,-0.000622,0.700000,0.000099,-0.000714,0.000000
2.320526,-0.000636,0.700000,0.000100,-0.000684,0.000000
2.320528,-0.000649,0.700000,0.000101,-0.000653,0.000000
2.320530,-0.000661,0.700000,0.000104,-0.000622,0.000000
2.320533,-0.000673,0.700000,0.000108,-0.000590,0.000000
2.320535,-0.000684,0.700000,0.000113,-0.000558,0.000000
2.320537,-0.000695,0.700000,0.000119,-0.000526,0.000000
2.320540,-0.000705,0.700000,0.000126,-0.000494,0.000000
2.320542,-0.000714,0.700000,0.000134,-0.000461,0.000000
2.320545,-0.000722,0.700000,0.000142,-0.000429,0.000000
2.320548,-0.000730,0.700000,0.000151,-0.000396,0.000000
2.320551,-0.000738,0.700000,0.000160,-0.000364,0.000000
2.320555,-0.000744,0.700000,0.000170,-0.000332,0.000000
2.320559,-0.000750,0.700000,0.000181,-0.000300,0.000000
2.320562,-0.000756,0.700000,0.000191,-0.000269,0.000000
2.320566,-0.000760,0.700000,0.000202,-0.000238,0.000000
2.320571,-0.000765,0.700000,0.000213,-0.000207,0.000000
2.320575,-0.000768,0.700000,0.000225,-0.000177,0.000000
2.320580,-0.000771,0.700000,0.000236,-0.000147,0.000000
2.320585,-0.000773,0.700000,0.000247,-0.000118,0.000000
2.320590,-0.000775,0.700000,0.000259,-0.000089,0.000000
2.320595,-0.000776,0.700000,0.000270,-0.000062,0.000000
2.320601,-0.000777,0.700000,0.000281,-0.000034,0.000000
2.320607,-0.000777,0.700000,0.000292,-0.000008,0.000000
2.320613,-0.000777,0.700000,0.000303,0.000018,0.000000
2.320619,-0.000776,0.700000,0.000314,0.000043,0.000000
2.320626,-0.000775,0.700000,0.000324,0.000067,0.000000
2.320632,-0.000773,0.700000,0.000334,0.000090,0.000000
2.320639,-0.000771,0.700000,0.000343,0.000112,0.000000
2.320646,-0.000768,0.700000,0.000352,0.000134,0.000000
2.320653,-0.000765,0.700000,0.000361,0.000155,0.000000
2.320661,-0.000761,0.700000,0.000369,0.000174,0.000000
2.320668,-0.000758,0.700000,0.000377,0.000193,0.000000
2.320676,-0.000753,0.700000,0.000384,0.000211,0.000000
2.320684,-0.000749,0.700000,0.000391,0.000228,0.000000
2.320692,-0.000744,0.700000,0.000398,0.000243,0.000000
2.320700,-0.000739,0.700000,0.000403,0.000258,0.000000
2.320708,-0.000733,0.700000,0.000408,0.000272,0.000000
2.320716,-0.000728,0.700000,0.000413,0.000285,0.000000
2.320725,-0.000722,0.700000,0.000417,0.000297,0.000000
2.320733,-0.000715,0.700000,0.000420,0.000308,0.000000
2.320742,-0.000709,0.700000,0.000423,0.000318,0.000000
2.320750,-0.000703,0.700000,0.000425,0.000328,0.000000
2.320759,-0.000696,0.700000,0.000427,0.000336,0.000000
2.320767,-0.000689,0.700000,0.000428,0.000343,0.000000
2.320776,-0.000682,0.700000,0.000429,0.000349,0.000000
2.320784,-0.000675,0.700000,0.000429,0.000355,0.000000
2.320793,-0.000668,0.700000,0.000428,0.000359,0.000000
2.320801,-0.000660,0.700000,0.000427,0.000363,0.000000
2.320810,-0.000653,0.700000,0.000425,0.000366,0.000000
2.320818,-0.000646,0.700000,0.000423,0.000368,0.000000
2.320827,-0.000638,0.700000,0.000420,0.000369,0.000000
2.320835,-0.000631,0.700000,0.000416,0.000369,0.000000
2.320843,-0.000624,0.700000,0.000412,0.000369,0.000000
2.320852,-0.000616,0.700000,0.000408,0.000368,0.000000
2.320860,-0.000609,0.700000,0.000403,0.000366,0.000000
2.320868,-0.000602,0.700000,0.000398,0.000364,0.000000
2.320875,-0.000594,0.700000,0.000392,0.000360,0.000000
2.320883,-0.000587,0.700000,0.000386,0.000357,0.000000
2.320891,-0.000580,0.700000,0.000379,0.000352,0.000000
2.320898,-0.000573,0.700000,0.000372,0.000349,0.000000
2.320905,-0.000566,0.700000,0.000364,0.000349,0.000000
2.320912,-0.000559,0.700000,0.000354,0.000356,0.000000
2.320919,-0.000552,0.700000,0.000343,0.000374,0.000000
2.320926,-0.000544,0.700000,0.000328,0.000409,0.000000
2.320932,-0.000534,0.700000,0.000310,0.000468,0.000000
2.320938,-0.000523,0.700000,0.000286,0.000559,0.000000
2.320943,-0.000509,0.700000,0.000256,0.000690,0.000000
2.320947,-0.000492,0.700000,0.000219,0.000871,0.000000
2.320951,-0.000470,0.700000,0.000172,0.001112,0.000000
2.320953,-0.000441,0.700000,0.000114,0.001424,0.000000
2.320954,-0.000405,0.700000,0.000044,0.001819,0.000000
2.320953,-0.000359,0.700000,-0.000040,0.002309,0.000000
2.320950,-0.000300,0.700000,-0.000141,0.002908,0.000000
2.320945,-0.000228,0.700000,-0.000261,0.003630,0.000000
2.320937,-0.000138,0.700000,-0.000401,0.004488,0.000000
2.320926,-0.000028,0.700000,-0.000563,0.005499,0.000000
2.320911,0.000105,0.700000,-0.000751,0.006676,0.000000
2.320891,0.000266,0.700000,-0.000966,0.008036,0.000000
2.320867,0.000458,0.700000,-0.001211,0.009595,0.000000
2.320837,0.000686,0.700000,-0.001488,0.011370,0.000000
2.320801,0.000953,0.700000,-0.001800,0.013377,0.000000
2.320758,0.001266,0.700000,-0.002149,0.015633,0.000000
2.320708,0.001629,0.700000,-0.002538,0.018155,0.000000
2.320648,0.002048,0.700000,-0.002970,0.020961,0.000000
2.320579,0.002529,0.700000,-0.003447,0.024069,0.000000
2.320500,0.003079,0.700000,-0.003971,0.027495,0.000000
2.320409,0.003704,0.700000,-0.004546,0.031258,0.000000
2.320306,0.004412,0.700000,-0.005174,0.035374,0.000000
2.320188,0.005209,0.700000,-0.005857,0.039863,0.000000
2.320056,0.006104,0.700000,-0.006599,0.044741,0.000000
2.319908,0.007104,0.700000,-0.007402,0.050024,0.000000
2.319743,0.008219,0.700000,-0.008267,0.055727,0.000000
2.319559,0.009456,0.700000,-0.009198,0.061863,0.000000
2.319355,0.010825,0.700000,-0.010196,0.068444,0.000000
2.319130,0.012335,0.700000,-0.011263,0.075479,0.000000
2.318882,0.013994,0.700000,-0.012399,0.082976,0.000000
2.318610,0.015813,0.700000,-0.013606,0.090943,0.000000
2.318312,0.017801,0.700000,-0.014885,0.099383,0.000000
2.317987,0.019967,0.700000,-0.016237,0.108302,0.000000
2.317634,0.022321,0.700000,-0.017662,0.117701,0.000000
2.317251,0.024872,0.700000,-0.019161,0.127581,0.000000
2.316836,0.027631,0.700000,-0.020733,0.137942,0.000000
2.316389,0.030607,0.700000,-0.022379,0.148781,0.000000
2.315907,0.033809,0.700000,-0.024099,0.160096,0.000000
2.315389,0.037247,0.700000,-0.025891,0.171883,0.000000
2.314834,0.040929,0.700000,-0.027756,0.184137,0.000000
2.314240,0.044866,0.700000,-0.029694,0.196849,0.000000
2.313606,0.049067,0.700000,-0.031702,0.210014,0.000000
2.312930,0.053539,0.700000,-0.033780,0.223622,0.000000
2.312212,0.058292,0.700000,-0.035926,0.237663,0.000000
2.311449,0.063335,0.700000,-0.038141,0.252127,0.000000
2.310640,0.068675,0.700000,-0.040421,0.267003,0.000000
2.309785,0.074320,0.700000,-0.042766,0.282278,0.000000
2.308882,0.080279,0.700000,-0.045174,0.297938,0.000000
2.307929,0.086559,0.700000,-0.047643,0.313971,0.000000
2.306925,0.093166,0.700000,-0.050171,0.330362,0.000000
2.305870,0.100108,0.700000,-0.052756,0.347094,0.000000
2.304762,0.107391,0.700000,-0.055396,0.364154,0.000000
2.303601,0.115021,0.700000,-0.058090,0.381523,0.000000
2.302384,0.123005,0.700000,-0.060834,0.399187,0.000000
2.301111,0.131347,0.700000,-0.063626,0.417126,0.000000
2.299782,0.140054,0.700000,-0.066465,0.435324,0.000000
2.298395,0.149129,0.700000,-0.069347,0.453761,0.000000
2.296950,0.158578,0.700000,-0.072269,0.472418,0.000000
2.295445,0.168403,0.700000,-0.075230,0.491276,0.000000
2.293881,0.178609,0.700000,-0.078225,0.510312,0.000000
2.292256,0.189199,0.700000,-0.081252,0.529506,0.000000
2.290570,0.200176,0.700000,-0.084307,0.548836,0.000000
2.288822,0.211542,0.700000,-0.087387,0.568278,0.000000
2.287012,0.223298,0.700000,-0.090488,0.587811,0.000000
2.285140,0.235446,0.700000,-0.093608,0.607412,0.000000
2.283205,0.247987,0.700000,-0.096742,0.627055,0.000000
2.281207,0.260922,0.700000,-0.099886,0.646719,0.000000
2.279147,0.274249,0.700000,-0.103037,0.666379,0.000000
2.277023,0.287969,0.700000,-0.106192,0.686010,0.000000
2.274836,0.302081,0.700000,-0.109345,0.705590,0.000000
2.272586,0.316583,0.700000,-0.112494,0.725093,0.000000
2.270273,0.331473,0.700000,-0.115634,0.744495,0.000000
2.267898,0.346748,0.700000,-0.118762,0.763773,0.000000
2.265461,0.362406,0.700000,-0.121873,0.782903,0.000000
2.262961,0.378444,0.700000,-0.124964,0.801860,0.000000
2.260401,0.394856,0.700000,-0.128030,0.820622,0.000000
2.257779,0.411639,0.700000,-0.131068,0.839164,0.000000
2.255098,0.428789,0.700000,-0.134074,0.857464,0.000000
2.252357,0.446299,0.700000,-0.137044,0.875499,0.000000
2.249557,0.464164,0.700000,-0.139975,0.893247,0.000000
2.246700,0.482377,0.700000,-0.142862,0.910686,0.000000
2.243786,0.500933,0.700000,-0.145701,0.927793,0.000000
2.240816,0.519824,0.700000,-0.148490,0.944549,0.000000
2.237792,0.539043,0.700000,-0.151224,0.960932,0.000000
2.234714,0.558581,0.700000,-0.153900,0.976923,0.000000
2.231584,0.578431,0.700000,-0.156515,0.992501,0.000000
2.228402,0.598431,0.700000,-0.159065,1.000000,0.000000
2.225171,0.618431,0.700000,-0.161545,1.000000,0.000000
2.221892,0.638431,0.700000,-0.163953,1.000000,0.000000
2.218567,0.658431,0.700000,-0.166286,1.000000,0.000000
2.215196,0.678431,0.700000,-0.168540,1.000000,0.000000
2.211782,0.698431,0.700000,-0.170713,1.000000,0.000000
2.208325,0.718431,0.700000,-0.172802,1.000000,0.000000
2.204829,0.738431,0.700000,-0.174804,1.000000,0.000000
2.201295,0.758431,0.700000,-0.176717,1.000000,0.000000
2.197724,0.778431,0.700000,-0.178537,1.000000,0.000000
2.194119,0.798431,0.700000,-0.180263,1.000000,0.000000
2.190481,0.818431,0.700000,-0.181893,1.000000,0.000000
2.186813,0.838431,0.700000,-0.183424,1.000000,0.000000
2.183116,0.858431,0.700000,-0.184855,1.000000,0.000000
2.179392,0.878431,0.700000,-0.186182,1.000000,0.000000
2.175644,0.898431,0.700000,-0.187406,1.000000,0.000000
2.171873,0.918431,0.700000,-0.188523,1.000000,0.000000
2.168083,0.938431,0.700000,-0.189532,1.000000,0.000000
2.164274,0.958431,0.700000,-0.190432,1.000000,0.000000
2.160450,0.978431,0.700000,-0.191222,1.000000,0.000000
2.156612,0.998431,0.700000,-0.191900,1.000000,0.000000
2.152762,1.018431,0.700000,-0.192465,1.000000,0.000000
2.148904,1.038431,0.700000,-0.192916,1.000000,0.000000
2.145039,1.058431,0.700000,-0.193252,1.000000,0.000000
2.141170,1.078431,0.700000,-0.193473,1.000000,0.000000
2.137298,1.098431,0.700000,-0.193578,1.000000,0.000000
2.133427,1.118431,0.700000,-0.193565,1.000000,0.000000
2.129558,1.138431,0.700000,-0.193435,1.000000,0.000000
2.125694,1.158431,0.700000,-0.193188,1.000000,0.000000
2.121838,1.178431,0.700000,-0.192822,1.000000,0.000000
2.117991,1.198431,0.700000,-0.192338,1.000000,0.000000
2.114156,1.218431,0.700000,-0.191736,1.000000,0.000000
2.110336,1.238431,0.700000,-0.191016,1.000000,0.000000
2.106532,1.258431,0.700000,-0.190178,1.000000,0.000000
2.102748,1.278431,0.700000,-0.189222,1.000000,0.000000
2.098985,1.298431,0.700000,-0.188150,1.000000,0.000000
2.095246,1.318431,0.700000,-0.186961,1.000000,0.000000
2.091533,1.338431,0.700000,-0.185658,1.000000,0.000000
2.087848,1.358431,0.700000,-0.184242,1.000000,0.000000
2.084194,1.378431,0.700000,-0.182712,1.000000,0.000000
2.080572,1.398431,0.700000,-0.181072,1.000000,0.000000
2.076986,1.418431,0.700000,-0.179323,1.000000,0.000000
2.073436,1.438431,0.700000,-0.177466,1.000000,0.000000
2.069926,1.458431,0.700000,-0.175503,1.000000,0.000000
2.066458,1.478431,0.700000,-0.173437,1.000000,0.000000
2.063032,1.498431,0.700000,-0.171268,1.000000,0.000000
2.059652,1.518431,0.700000,-0.169001,1.000000,0.000000
2.056319,1.538431,0.700000,-0.166636,1.000000,0.000000
2.053036,1.558423,0.700000,-0.164177,0.999568,0.000000
2.049803,1.578387,0.700000,-0.161625,0.998199,0.000000
2.046624,1.598304,0.700000,-0.158984,0.995888,0.000000
2.043499,1.618157,0.700000,-0.156257,0.992633,0.000000
2.040430,1.637926,0.700000,-0.153445,0.988436,0.000000
2.037419,1.657592,0.700000,-0.150552,0.983296,0.000000
2.034467,1.677136,0.700000,-0.147581,0.977217,0.000000
2.031576,1.696540,0.700000,-0.144534,0.970203,0.000000
2.028748,1.715785,0.700000,-0.141415,0.962259,0.000000
2.025983,1.734853,0.700000,-0.138227,0.953394,0.000000
2.023284,1.753725,0.700000,-0.134971,0.943615,0.000000
2.020651,1.772384,0.700000,-0.131652,0.932932,0.000000
2.018086,1.790811,0.700000,-0.128272,0.921355,0.000000
2.015589,1.808989,0.700000,-0.124834,0.908898,0.000000
2.013162,1.826901,0.700000,-0.121340,0.895572,0.000000
2.010806,1.844528,0.700000,-0.117795,0.881394,0.000000
2.008522,1.861856,0.700000,-0.114201,0.866380,0.000000
2.006311,1.878867,0.700000,-0.110561,0.850552,0.000000
2.004173,1.895546,0.700000,-0.106879,0.833932,0.000000
2.002110,1.911877,0.700000,-0.103159,0.816543,0.000000
2.000122,1.927845,0.700000,-0.099404,0.798414,0.000000
1.998210,1.943436,0.700000,-0.095619,0.779572,0.000000
1.996374,1.958637,0.700000,-0.091808,0.760048,0.000000
1.994614,1.973435,0.700000,-0.087974,0.739874,0.000000
1.992932,1.987816,0.700000,-0.084122,0.719084,0.000000
1.991327,2.001771,0.700000,-0.080257,0.697713,0.000000
1.989799,2.015287,0.700000,-0.076383,0.675797,0.000000
1.988349,2.028354,0.700000,-0.072504,0.653375,0.000000
1.986976,2.040964,0.700000,-0.068624,0.630485,0.000000
1.985681,2.053107,0.700000,-0.064749,0.607167,0.000000
1.984464,2.064776,0.700000,-0.060884,0.583462,0.000000
1.983323,2.075965,0.700000,-0.057032,0.559412,0.000000
1.982259,2.086666,0.700000,-0.053198,0.535058,0.000000
1.981271,2.096875,0.700000,-0.049387,0.510445,0.000000
1.980359,2.106587,0.700000,-0.045604,0.485615,0.000000
1.979522,2.115799,0.700000,-0.041853,0.460612,0.000000
1.978759,2.124509,0.700000,-0.038139,0.435480,0.000000
1.978070,2.132714,0.700000,-0.034467,0.410262,0.000000
1.977453,2.140414,0.700000,-0.030840,0.385005,0.000000
1.976908,2.147609,0.700000,-0.027265,0.359751,0.000000
1.976433,2.154300,0.700000,-0.023744,0.334544,0.000000
1.976027,2.160489,0.700000,-0.020282,0.309430,0.000000
1.975690,2.166178,0.700000,-0.016885,0.284450,0.000000
1.975419,2.171371,0.700000,-0.013555,0.259650,0.000000
1.975213,2.176072,0.700000,-0.010298,0.235071,0.000000
1.975002,2.180620,0.700000,-0.010546,0.227411,0.000000
1.974786,2.185020,0.700000,-0.010786,0.219980,0.000000
1.974566,2.189275,0.700000,-0.011015,0.212770,0.000000
1.974341,2.193391,0.700000,-0.011232,0.205778,0.000000
1.974112,2.197371,0.700000,-0.011438,0.198997,0.000000
1.973880,2.201219,0.700000,-0.011631,0.192423,0.000000
1.973643,2.204940,0.700000,-0.011811,0.186051,0.000000
1.973404,2.208538,0.700000,-0.011977,0.179875,0.000000
1.973161,2.212016,0.700000,-0.012129,0.173891,0.000000
1.972916,2.215377,0.700000,-0.012266,0.168094,0.000000
1.972668,2.218627,0.700000,-0.012388,0.162480,0.000000
1.972418,2.221768,0.700000,-0.012494,0.157044,0.000000
1.972167,2.224803,0.700000,-0.012585,0.151781,0.000000
1.971913,2.227737,0.700000,-0.012661,0.146688,0.000000
1.971659,2.230572,0.700000,-0.012720,0.141759,0.000000
1.971404,2.233312,0.700000,-0.012763,0.136992,0.000000
1.971148,2.235960,0.700000,-0.012790,0.132381,0.000000
1.970892,2.238518,0.700000,-0.012801,0.127922,0.000000
1.970636,2.240991,0.700000,-0.012796,0.123612,0.000000
1.970381,2.243379,0.700000,-0.012775,0.119447,0.000000
1.970126,2.245688,0.700000,-0.012738,0.115423,0.000000
1.969872,2.247919,0.700000,-0.012686,0.111535,0.000000
1.969620,2.250074,0.700000,-0.012618,0.107781,0.000000
1.969369,2.252157,0.700000,-0.012535,0.104156,0.000000
1.969120,2.254171,0.700000,-0.012438,0.100658,0.000000
1.968874,2.256116,0.700000,-0.012326,0.097282,0.000000
1.968630,2.257997,0.700000,-0.012200,0.094025,0.000000
1.968389,2.259814,0.700000,-0.012060,0.090884,0.000000
1.968150,2.261571,0.700000,-0.011907,0.087855,0.000000
1.967916,2.263270,0.700000,-0.011741,0.084935,0.000000
1.967684,2.264913,0.700000,-0.011562,0.082121,0.000000
1.967457,2.266501,0.700000,-0.011372,0.079409,0.000000
1.967234,2.268037,0.700000,-0.011170,0.076797,0.000000
1.967014,2.269522,0.700000,-0.010958,0.074281,0.000000
1.966800,2.270959,0.700000,-0.010735,0.071858,0.000000
1.966590,2.272350,0.700000,-0.010503,0.069526,0.000000
1.966384,2.273696,0.700000,-0.010261,0.067281,0.000000
1.966184,2.274998,0.700000,-0.010011,0.065121,0.000000
1.965989,2.276259,0.700000,-0.009752,0.063043,0.000000
1.965799,2.277480,0.700000,-0.009487,0.061044,0.000000
1.965615,2.278662,0.700000,-0.009214,0.059122,0.000000
1.965436,2.279808,0.700000,-0.008935,0.057273,0.000000
1.965263,2.280918,0.700000,-0.008651,0.055496,0.000000
1.965096,2.281993,0.700000,-0.008361,0.053787,0.000000
1.964935,2.283036,0.700000,-0.008068,0.052144,0.000000
1.964779,2.284048,0.700000,-0.007770,0.050566,0.000000
1.964630,2.285029,0.700000,-0.007469,0.049049,0.000000
1.964487,2.285980,0.700000,-0.007165,0.047591,0.000000
1.964350,2.286904,0.700000,-0.006860,0.046190,0.000000
1.964218,2.287801,0.700000,-0.006552,0.044844,0.000000
1.964094,2.288672,0.700000,-0.006244,0.043550,0.000000
1.963975,2.289518,0.700000,-0.005936,0.042308,0.000000
1.963862,2.290340,0.700000,-0.005628,0.041113,0.000000
1.963756,2.291140,0.700000,-0.005320,0.039966,0.000000
1.963656,2.291917,0.700000,-0.005013,0.038862,0.000000
1.963561,2.292673,0.700000,-0.004709,0.037802,0.000000
1.963473,2.293409,0.700000,-0.004406,0.036783,0.000000
1.963391,2.294125,0.700000,-0.004106,0.035802,0.000000
1.963315,2.294822,0.700000,-0.003809,0.034860,0.000000
1.963245,2.295501,0.700000,-0.003516,0.033953,0.000000
1.963180,2.296163,0.700000,-0.003227,0.033080,0.000000
1.963121,2.296807,0.700000,-0.002942,0.032240,0.000000
1.963068,2.297436,0.700000,-0.002662,0.031431,0.000000
1.963020,2.298049,0.700000,-0.002387,0.030652,0.000000
1.962978,2.298647,0.700000,-0.002118,0.029901,0.000000
1.962941,2.299231,0.700000,-0.001854,0.029177,0.000000
1.962909,2.299800,0.700000,-0.001597,0.028478,0.000000
1.962882,2.300356,0.700000,-0.001346,0.027804,0.000000
1.962860,2.300899,0.700000,-0.001101,0.027152,0.000000
1.962843,2.301430,0.700000,-0.000864,0.026523,0.000000
1.962830,2.301948,0.700000,-0.000634,0.025915,0.000000
1.962822,2.302455,0.700000,-0.000411,0.025326,0.000000
1.962818,2.302950,0.700000,-0.000196,0.024755,0.000000
1.962818,2.303434,0.700000,0.000012,0.024203,0.000000
1.962822,2.303907,0.700000,0.000211,0.023667,0.000000
1.962830,2.304370,0.700000,0.000403,0.023147,0.000000
1.962842,2.304823,0.700000,0.000586,0.022642,0.000000
1.962857,2.305266,0.700000,0.000761,0.022150,0.000000
1.962876,2.305699,0.700000,0.000928,0.021673,0.000000
1.962898,2.306123,0.700000,0.001086,0.021207,0.000000
1.962922,2.306539,0.700000,0.001236,0.020754,0.000000
1.962950,2.306945,0.700000,0.001377,0.020311,0.000000
1.962980,2.307342,0.700000,0.001510,0.019879,0.000000
1.963013,2.307731,0.700000,0.001634,0.019457,0.000000
1.963048,2.308112,0.700000,0.001750,0.019044,0.000000
1.963085,2.308485,0.700000,0.001857,0.018640,0.000000
1.963124,2.308850,0.700000,0.001957,0.018245,0.000000
1.963165,2.309207,0.700000,0.002047,0.017857,0.000000
1.963208,2.309557,0.700000,0.002130,0.017476,0.000000
1.963252,2.309899,0.700000,0.002205,0.017102,0.000000
1.963297,2.310233,0.700000,0.002271,0.016735,0.000000
1.963344,2.310561,0.700000,0.002330,0.016374,0.000000
1.963391,2.310881,0.700000,0.002381,0.016018,0.000000
1.963440,2.311195,0.700000,0.002424,0.015668,0.000000
1.963489,2.311501,0.700000,0.002460,0.015324,0.000000
1.963539,2.311801,0.700000,0.002489,0.014984,0.000000
1.963589,2.312094,0.700000,0.002510,0.014649,0.000000
1.963639,2.312380,0.700000,0.002525,0.014319,0.000000
1.963690,2.312660,0.700000,0.002533,0.013993,0.000000
1.963741,2.312933,0.700000,0.002534,0.013671,0.000000
1.963791,2.313200,0.700000,0.002529,0.013353,0.000000
1.963842,2.313461,0.700000,0.002518,0.013038,0.000000
1.963892,2.313716,0.700000,0.002501,0.012728,0.000000
1.963941,2.313964,0.700000,0.002479,0.012421,0.000000
1.963990,2.314207,0.700000,0.002451,0.012118,0.000000
1.964039,2.314443,0.700000,0.002418,0.011818,0.000000
1.964086,2.314673,0.700000,0.002380,0.011521,0.000000
1.964133,2.314898,0.700000,0.002338,0.011228,0.000000
1.964179,2.315117,0.700000,0.002291,0.010938,0.000000
1.964224,2.315330,0.700000,0.002239,0.010651,0.000000
1.964267,2.315537,0.700000,0.002184,0.010368,0.000000
1.964310,2.315739,0.700000,0.002125,0.010088,0.000000
1.964351,2.315935,0.700000,0.002063,0.009811,0.000000
1.964391,2.316126,0.700000,0.001998,0.009537,0.000000
1.964430,2.316311,0.700000,0.001929,0.009267,0.000000
1.964467,2.316491,0.700000,0.001858,0.008999,0.000000
1.964503,2.316666,0.700000,0.001784,0.008736,0.000000
1.964537,2.316835,0.700000,0.001708,0.008475,0.000000
1.964569,2.317000,0.700000,0.001630,0.008218,0.000000
1.964600,2.317159,0.700000,0.001551,0.007965,0.000000
1.964630,2.317313,0.700000,0.001470,0.007715,0.000000
1.964657,2.317463,0.700000,0.001387,0.007468,0.000000
1.964684,2.317607,0.700000,0.001304,0.007225,0.000000
1.964708,2.317747,0.700000,0.001220,0.006986,0.000000
1.964731,2.317882,0.700000,0.001135,0.006750,0.000000
1.964752,2.318012,0.700000,0.001049,0.006518,0.000000
1.964771,2.318138,0.700000,0.000964,0.006290,0.000000
1.964788,2.318259,0.700000,0.000878,0.006066,0.000000
1.964804,2.318376,0.700000,0.000793,0.005846,0.000000
1.964818,2.318489,0.700000,0.000708,0.005630,0.000000
1.964831,2.318597,0.700000,0.000623,0.005418,0.000000
1.964842,2.318701,0.700000,0.000539,0.005210,0.000000
1.964851,2.318802,0.700000,0.000456,0.005006,0.000000
1.964858,2.318898,0.700000,0.000374,0.004806,0.000000
1.964864,2.318990,0.700000,0.000294,0.004611,0.000000
1.964868,2.319078,0.700000,0.000214,0.004419,0.000000
1.964871,2.319163,0.700000,0.000136,0.004233,0.000000
1.964872,2.319244,0.700000,0.000060,0.004050,0.000000
1.964872,2.319321,0.700000,-0.000014,0.003872,0.000000
1.964870,2.319395,0.700000,-0.000087,0.003698,0.000000
1.964867,2.319466,0.700000,-0.000158,0.003529,0.000000
1.964863,2.319533,0.700000,-0.000227,0.003364,0.000000
1.964857,2.319597,0.700000,-0.000293,0.003204,0.000000
1.964850,2.319658,0.700000,-0.000358,0.003048,0.000000
1.964841,2.319716,0.700000,-0.000420,0.002896,0.000000
1.964832,2.319771,0.700000,-0.000479,0.002749,0.000000
1.964821,2.319823,0.700000,-0.000536,0.002607,0.000000
1.964809,2.319873,0.700000,-0.000591,0.002469,0.000000
1.964796,2.319919,0.700000,-0.000643,0.002336,0.000000
1.964782,2.319963,0.700000,-0.000693,0.002207,0.000000
1.964768,2.320005,0.700000,-0.000740,0.002082,0.000000
1.964752,2.320044,0.700000,-0.000784,0.001962,0.000000
1.964735,2.320081,0.700000,-0.000826,0.001847,0.000000
1.964718,2.320116,0.700000,-0.000865,0.001736,0.000000
1.964700,2.320149,0.700000,-0.000901,0.001629,0.000000
1.964681,2.320179,0.700000,-0.000934,0.001526,0.000000
1.964662,2.320208,0.700000,-0.000965,0.001428,0.000000
1.964642,2.320234,0.700000,-0.000993,0.001333,0.000000
1.964622,2.320259,0.700000,-0.001019,0.001243,0.000000
1.964601,2.320282,0.700000,-0.001041,0.001158,0.000000
1.964580,2.320304,0.700000,-0.001061,0.001076,0.000000
1.964558,2.320324,0.700000,-0.001079,0.000998,0.000000
1.964536,2.320342,0.700000,-0.001094,0.000924,0.000000
1.964514,2.320359,0.700000,-0.001106,0.000854,0.000000
1.964492,2.320375,0.700000,-0.001116,0.000787,0.000000
1.964469,2.320390,0.700000,-0.001123,0.000725,0.000000
1.964447,2.320403,0.700000,-0.001128,0.000666,0.000000
1.964424,2.320415,0.700000,-0.001131,0.000610,0.000000
1.964402,2.320426,0.700000,-0.001131,0.000558,0.000000
1.964379,2.320436,0.700000,-0.001129,0.000509,0.000000
1.964357,2.320446,0.700000,-0.001125,0.000464,0.000000
1.964334,2.320454,0.700000,-0.001119,0.000422,0.000000
1.964312,2.320462,0.700000,-0.001111,0.000383,0.000000
1.964290,2.320469,0.700000,-0.001101,0.000346,0.000000
1.964268,2.320475,0.700000,-0.001089,0.000313,0.000000
1.964247,2.320481,0.700000,-0.001075,0.000283,0.000000
1.964225,2.320486,0.700000,-0.001060,0.000255,0.000000
1.964205,2.320490,0.700000,-0.001043,0.000230,0.000000
1.964184,2.320495,0.700000,-0.001024,0.000208,0.000000
1.964164,2.320498,0.700000,-0.001004,0.000188,0.000000
1.964144,2.320502,0.700000,-0.000982,0.000170,0.000000
1.964125,2.320505,0.700000,-0.000960,0.000155,0.000000
1.964106,2.320508,0.700000,-0.000935,0.000142,0.000000
1.964088,2.320510,0.700000,-0.000910,0.000130,0.000000
1.964071,2.320513,0.700000,-0.000884,0.000121,0.000000
1.964053,2.320515,0.700000,-0.000856,0.000114,0.000000
1.964037,2.320517,0.700000,-0.000828,0.000108,0.000000
1.964021,2.320519,0.700000,-0.000799,0.000104,0.000000
1.964006,2.320521,0.700000,-0.000769,0.000102,0.000000
1.963991,2.320523,0.700000,-0.000741,0.000101,0.000000
1.963976,2.320525,0.700000,-0.000715,0.000100,0.000000
1.963963,2.320527,0.700000,-0.000696,0.000100,0.000000
1.963949,2.320529,0.700000,-0.000688,0.000099,0.000000
1.963935,2.320531,0.700000,-0.000697,0.000097,0.000000
1.963920,2.320533,0.700000,-0.000729,0.000092,0.000000
1.963904,2.320535,0.700000,-0.000792,0.000083,0.000000
1.963887,2.320536,0.700000,-0.000895,0.000069,0.000000
1.963866,2.320537,0.700000,-0.001046,0.000048,0.000000
1.963840,2.320537,0.700000,-0.001255,0.000018,0.000000
1.963810,2.320537,0.700000,-0.001534,-0.000022,0.000000
1.963772,2.320535,0.700000,-0.001894,-0.000074,0.000000
1.963725,2.320533,0.700000,-0.002347,-0.000140,0.000000
1.963667,2.320528,0.700000,-0.002907,-0.000222,0.000000
1.963595,2.320522,0.700000,-0.003585,-0.000322,0.000000
1.963507,2.320513,0.700000,-0.004397,-0.000443,0.000000
1.963400,2.320501,0.700000,-0.005357,-0.000586,0.000000
1.963270,2.320486,0.700000,-0.006479,-0.000755,0.000000
1.963115,2.320467,0.700000,-0.007780,-0.000952,0.000000
1.962929,2.320444,0.700000,-0.009275,-0.001178,0.000000
1.962710,2.320415,0.700000,-0.010979,-0.001437,0.000000
1.962452,2.320380,0.700000,-0.012909,-0.001732,0.000000
1.962150,2.320339,0.700000,-0.015082,-0.002064,0.000000
1.961800,2.320290,0.700000,-0.017514,-0.002436,0.000000
1.961395,2.320233,0.700000,-0.020222,-0.002852,0.000000
1.960931,2.320167,0.700000,-0.023223,-0.003314,0.000000
1.960400,2.320090,0.700000,-0.026535,-0.003824,0.000000
1.959797,2.320003,0.700000,-0.030174,-0.004385,0.000000
1.959113,2.319903,0.700000,-0.034158,-0.005000,0.000000
1.958343,2.319789,0.700000,-0.038504,-0.005671,0.000000
1.957479,2.319661,0.700000,-0.043228,-0.006402,0.000000
1.956512,2.319517,0.700000,-0.048347,-0.007195,0.000000
1.955434,2.319356,0.700000,-0.053874,-0.008052,0.000000
1.954238,2.319177,0.700000,-0.059823,-0.008974,0.000000
1.952914,2.318977,0.700000,-0.066205,-0.009965,0.000000
1.951453,2.318757,0.700000,-0.073029,-0.011025,0.000000
1.949847,2.318514,0.700000,-0.080303,-0.012155,0.000000
1.948087,2.318247,0.700000,-0.088034,-0.013358,0.000000
1.946162,2.317954,0.700000,-0.096227,-0.014633,0.000000
1.944064,2.317634,0.700000,-0.104886,-0.015983,0.000000
1.941784,2.317286,0.700000,-0.114014,-0.017406,0.000000
1.939312,2.316908,0.700000,-0.123610,-0.018903,0.000000
1.936638,2.316499,0.700000,-0.133675,-0.020476,0.000000
1.933754,2.316056,0.700000,-0.144208,-0.022122,0.000000
1.930650,2.315579,0.700000,-0.155205,-0.023843,0.000000
1.927317,2.315067,0.700000,-0.166663,-0.025638,0.000000
1.923745,2.314517,0.700000,-0.178576,-0.027506,0.000000
1.919926,2.313928,0.700000,-0.190939,-0.029447,0.000000
1.915852,2.313298,0.700000,-0.203744,-0.031459,0.000000
1.911512,2.312628,0.700000,-0.216984,-0.033541,0.000000
1.906899,2.311914,0.700000,-0.230647,-0.035693,0.000000
1.902004,2.311155,0.700000,-0.244726,-0.037913,0.000000
1.896820,2.310351,0.700000,-0.259208,-0.040200,0.000000
1.891339,2.309500,0.700000,-0.274083,-0.042551,0.000000
1.885552,2.308601,0.700000,-0.289336,-0.044966,0.000000
1.879453,2.307652,0.700000,-0.304956,-0.047442,0.000000
1.873034,2.306653,0.700000,-0.320928,-0.049977,0.000000
1.866289,2.305601,0.700000,-0.337238,-0.052570,0.000000
1.859212,2.304497,0.700000,-0.353871,-0.055218,0.000000
1.851796,2.303339,0.700000,-0.370810,-0.057920,0.000000
1.844035,2.302125,0.700000,-0.388040,-0.060672,0.000000
1.835924,2.300856,0.700000,-0.405545,-0.063472,0.000000
1.827458,2.299529,0.700000,-0.423306,-0.066319,0.000000
1.818632,2.298145,0.700000,-0.441306,-0.069209,0.000000
1.809441,2.296702,0.700000,-0.459527,-0.072139,0.000000
1.799882,2.295200,0.700000,-0.477948,-0.075107,0.000000
1.789951,2.293638,0.700000,-0.496549,-0.078110,0.000000
1.779645,2.292015,0.700000,-0.515310,-0.081144,0.000000
1.768961,2.290331,0.700000,-0.534209,-0.084206,0.000000
1.757897,2.288585,0.700000,-0.553225,-0.087293,0.000000
1.746450,2.286777,0.700000,-0.572334,-0.090401,0.000000
1.734620,2.284907,0.700000,-0.591515,-0.093527,0.000000
1.722405,2.282973,0.700000,-0.610745,-0.096666,0.000000
1.709805,2.280977,0.700000,-0.630000,-0.099816,0.000000
1.696820,2.278917,0.700000,-0.649257,-0.102973,0.000000
1.683450,2.276795,0.700000,-0.668492,-0.106132,0.000000
1.669696,2.274609,0.700000,-0.687682,-0.109289,0.000000
1.655560,2.272360,0.700000,-0.706803,-0.112442,0.000000
1.641043,2.270048,0.700000,-0.725832,-0.115585,0.000000
1.626148,2.267674,0.700000,-0.744745,-0.118716,0.000000
1.610878,2.265238,0.700000,-0.763517,-0.121829,0.000000
1.595236,2.262739,0.700000,-0.782127,-0.124922,0.000000
1.579225,2.260179,0.700000,-0.800550,-0.127990,0.000000
1.562849,2.257559,0.700000,-0.818765,-0.131029,0.000000
1.546114,2.254878,0.700000,-0.836747,-0.134035,0.000000
1.529025,2.252138,0.700000,-0.854474,-0.137006,0.000000
1.511586,2.249339,0.700000,-0.871925,-0.139936,0.000000
1.493805,2.246483,0.700000,-0.889078,-0.142822,0.000000
1.475687,2.243570,0.700000,-0.905911,-0.145660,0.000000
1.457239,2.240601,0.700000,-0.922403,-0.148447,0.000000
1.438468,2.237577,0.700000,-0.938535,-0.151179,0.000000
1.419382,2.234500,0.700000,-0.954285,-0.153853,0.000000
1.399989,2.231371,0.700000,-0.969636,-0.156464,0.000000
1.380298,2.228191,0.700000,-0.984567,-0.159011,0.000000
1.360317,2.224961,0.700000,-0.999060,-0.161489,0.000000
1.340317,2.221683,0.700000,-1.000000,-0.163894,0.000000
1.320317,2.218358,0.700000,-1.000000,-0.166224,0.000000
1.300317,2.214989,0.700000,-1.000000,-0.168475,0.000000
1.280317,2.211576,0.700000,-1.000000,-0.170644,0.000000
1.260317,2.208121,0.700000,-1.000000,-0.172728,0.000000
1.240317,2.204627,0.700000,-1.000000,-0.174726,0.000000
1.220317,2.201094,0.700000,-1.000000,-0.176634,0.000000
1.200317,2.197525,0.700000,-1.000000,-0.178450,0.000000
1.180317,2.193922,0.700000,-1.000000,-0.180171,0.000000
1.160317,2.190286,0.700000,-1.000000,-0.181795,0.000000
1.140317,2.186620,0.700000,-1.000000,-0.183321,0.000000
1.120317,2.182925,0.700000,-1.000000,-0.184746,0.000000
1.100317,2.179203,0.700000,-1.000000,-0.186068,0.000000
1.080317,2.175458,0.700000,-1.000000,-0.187286,0.000000
1.060317,2.171690,0.700000,-1.000000,-0.188397,0.000000
1.040317,2.167902,0.700000,-1.000000,-0.189401,0.000000
1.020317,2.164096,0.700000,-1.000000,-0.190295,0.000000
1.000317,2.160274,0.700000,-1.000000,-0.191079,0.000000
0.980317,2.156439,0.700000,-1.000000,-0.191751,0.000000
0.960317,2.152593,0.700000,-1.000000,-0.192311,0.000000
0.940317,2.148738,0.700000,-1.000000,-0.192756,0.000000
0.920317,2.144876,0.700000,-1.000000,-0.193087,0.000000
0.900317,2.141010,0.700000,-1.000000,-0.193303,0.000000
0.880317,2.137142,0.700000,-1.000000,-0.193402,0.000000
0.860317,2.133274,0.700000,-1.000000,-0.193385,0.000000
0.840317,2.129409,0.700000,-1.000000,-0.193250,0.000000
0.820317,2.125549,0.700000,-1.000000,-0.192998,0.000000
0.800317,2.121697,0.700000,-1.000000,-0.192628,0.000000
0.780317,2.117854,0.700000,-1.000000,-0.192140,0.000000
0.760317,2.114023,0.700000,-1.000000,-0.191534,0.000000
0.740317,2.110207,0.700000,-1.000000,-0.190810,0.000000
0.720317,2.106408,0.700000,-1.000000,-0.189969,0.000000
0.700317,2.102627,0.700000,-1.000000,-0.189010,0.000000
0.680317,2.098869,0.700000,-1.000000,-0.187935,0.000000
0.660317,2.095134,0.700000,-1.000000,-0.186744,0.000000
0.640317,2.091425,0.700000,-1.000000,-0.185439,0.000000
0.620317,2.087745,0.700000,-1.000000,-0.184021,0.000000
0.600317,2.084095,0.700000,-1.000000,-0.182490,0.000000
0.580317,2.080478,0.700000,-1.000000,-0.180849,0.000000
0.560317,2.076896,0.700000,-1.000000,-0.179099,0.000000
0.540317,2.073351,0.700000,-1.000000,-0.177241,0.000000
0.520317,2.069845,0.700000,-1.000000,-0.175279,0.000000
0.500317,2.066381,0.700000,-1.000000,-0.173213,0.000000
0.480330,2.062960,0.700000,-0.999362,-0.171045,0.000000
0.460372,2.059585,0.700000,-0.997861,-0.168779,0.000000
0.440463,2.056256,0.700000,-0.995494,-0.166416,0.000000
0.420617,2.052977,0.700000,-0.992261,-0.163959,0.000000
0.400854,2.049749,0.700000,-0.988162,-0.161410,0.000000
0.381190,2.046574,0.700000,-0.983199,-0.158773,0.000000
0.361643,2.043453,0.700000,-0.977377,-0.156049,0.000000
0.342229,2.040388,0.700000,-0.970699,-0.153242,0.000000
0.322965,2.037381,0.700000,-0.963171,-0.150355,0.000000
0.303869,2.034433,0.700000,-0.954801,-0.147389,0.000000
0.284957,2.031546,0.700000,-0.945597,-0.144349,0.000000
0.266246,2.028721,0.700000,-0.935567,-0.141236,0.000000
0.247751,2.025960,0.700000,-0.924722,-0.138055,0.000000
0.229490,2.023264,0.700000,-0.913073,-0.134806,0.000000
0.211477,2.020634,0.700000,-0.900632,-0.131495,0.000000
0.193729,2.018072,0.700000,-0.887412,-0.128122,0.000000
0.176261,2.015578,0.700000,-0.873427,-0.124692,0.000000
0.159087,2.013154,0.700000,-0.858690,-0.121207,0.000000
0.142222,2.010800,0.700000,-0.843219,-0.117670,0.000000
0.125682,2.008519,0.700000,-0.827032,-0.114084,0.000000
0.109479,2.006310,0.700000,-0.810149,-0.110452,0.000000
0.093627,2.004174,0.700000,-0.792593,-0.106779,0.000000
0.078139,2.002113,0.700000,-0.774387,-0.103067,0.000000
0.063028,2.000126,0.700000,-0.755557,-0.099321,0.000000
0.048305,1.998215,0.700000,-0.736132,-0.095545,0.000000
0.033983,1.996380,0.700000,-0.716139,-0.091741,0.000000
0.020070,1.994622,0.700000,-0.695610,-0.087916,0.000000
0.006579,1.992941,0.700000,-0.674575,-0.084072,0.000000
-0.006482,1.991336,0.700000,-0.653069,-0.080214,0.000000
-0.019105,1.989810,0.700000,-0.631124,-0.076347,0.000000
-0.031280,1.988360,0.700000,-0.608776,-0.072475,0.000000
-0.043002,1.986988,0.700000,-0.586061,-0.068603,0.000000
-0.054262,1.985693,0.700000,-0.563015,-0.064735,0.000000
-0.065056,1.984476,0.700000,-0.539677,-0.060875,0.000000
-0.075377,1.983335,0.700000,-0.516083,-0.057029,0.000000
-0.085223,1.982271,0.700000,-0.492273,-0.053201,0.000000
-0.094588,1.981283,0.700000,-0.468285,-0.049396,0.000000
-0.103472,1.980371,0.700000,-0.444159,-0.045617,0.000000
-0.111870,1.979533,0.700000,-0.419935,-0.041871,0.000000
-0.119783,1.978770,0.700000,-0.395653,-0.038161,0.000000
-0.127210,1.978080,0.700000,-0.371351,-0.034493,0.000000
-0.134152,1.977463,0.700000,-0.347071,-0.030869,0.000000
-0.140609,1.976917,0.700000,-0.322851,-0.027297,0.000000
-0.146583,1.976442,0.700000,-0.298732,-0.023778,0.000000
-0.152078,1.976035,0.700000,-0.274754,-0.020319,0.000000
-0.157098,1.975697,0.700000,-0.250954,-0.016923,0.000000
-0.161645,1.975425,0.700000,-0.227373,-0.013595,0.000000
-0.165726,1.975218,0.700000,-0.204048,-0.010338,0.000000
-0.169697,1.975006,0.700000,-0.198541,-0.010587,0.000000
-0.173561,1.974790,0.700000,-0.193200,-0.010826,0.000000
-0.177321,1.974569,0.700000,-0.188020,-0.011055,0.000000
-0.180981,1.974343,0.700000,-0.182994,-0.011271,0.000000
-0.184543,1.974114,0.700000,-0.178116,-0.011476,0.000000
-0.188011,1.973880,0.700000,-0.173380,-0.011668,0.000000
-0.191387,1.973643,0.700000,-0.168781,-0.011847,0.000000
-0.194673,1.973403,0.700000,-0.164314,-0.012011,0.000000
-0.197872,1.973160,0.700000,-0.159974,-0.012161,0.000000
-0.200987,1.972914,0.700000,-0.155756,-0.012297,0.000000
-0.204021,1.972666,0.700000,-0.151655,-0.012417,0.000000
-0.206974,1.972415,0.700000,-0.147666,-0.012521,0.000000
-0.209850,1.972163,0.700000,-0.143787,-0.012610,0.000000
-0.212650,1.971909,0.700000,-0.140012,-0.012683,0.000000
-0.215377,1.971655,0.700000,-0.136337,-0.012739,0.000000
-0.218032,1.971399,0.700000,-0.132759,-0.012780,0.000000
-0.220617,1.971143,0.700000,-0.129275,-0.012804,0.000000
-0.223135,1.970887,0.700000,-0.125880,-0.012813,0.000000
-0.225586,1.970631,0.700000,-0.122572,-0.012805,0.000000
-0.227973,1.970375,0.700000,-0.119347,-0.012781,0.000000
-0.230297,1.970120,0.700000,-0.116203,-0.012742,0.000000
-0.232560,1.969866,0.700000,-0.113136,-0.012686,0.000000
-0.234763,1.969614,0.700000,-0.110144,-0.012616,0.000000
-0.236907,1.969363,0.700000,-0.107225,-0.012530,0.000000
-0.238995,1.969115,0.700000,-0.104376,-0.012430,0.000000
-0.241027,1.968869,0.700000,-0.101594,-0.012315,0.000000
-0.243004,1.968625,0.700000,-0.098878,-0.012186,0.000000
-0.244929,1.968384,0.700000,-0.096224,-0.012043,0.000000
-0.246801,1.968146,0.700000,-0.093633,-0.011887,0.000000
-0.248623,1.967912,0.700000,-0.091100,-0.011719,0.000000
-0.250396,1.967681,0.700000,-0.088626,-0.011538,0.000000
-0.252120,1.967454,0.700000,-0.086207,-0.011345,0.000000
-0.253797,1.967231,0.700000,-0.083843,-0.011141,0.000000
-0.255428,1.967013,0.700000,-0.081531,-0.010926,0.000000
-0.257013,1.966799,0.700000,-0.079271,-0.010701,0.000000
-0.258554,1.966589,0.700000,-0.077061,-0.010467,0.000000
-0.260052,1.966385,0.700000,-0.074899,-0.010223,0.000000
-0.261508,1.966186,0.700000,-0.072785,-0.009971,0.000000
-0.262922,1.965991,0.700000,-0.070717,-0.009711,0.000000
-0.264296,1.965803,0.700000,-0.068695,-0.009443,0.000000
-0.265630,1.965619,0.700000,-0.066716,-0.009169,0.000000
-0.266926,1.965441,0.700000,-0.064781,-0.008889,0.000000
-0.268184,1.965269,0.700000,-0.062888,-0.008603,0.000000
-0.269405,1.965103,0.700000,-0.061037,-0.008312,0.000000
-0.270589,1.964943,0.700000,-0.059226,-0.008017,0.000000
-0.271738,1.964788,0.700000,-0.057455,-0.007719,0.000000
-0.272853,1.964640,0.700000,-0.055723,-0.007417,0.000000
-0.273933,1.964498,0.700000,-0.054030,-0.007112,0.000000
-0.274981,1.964362,0.700000,-0.052374,-0.006806,0.000000
-0.275996,1.964232,0.700000,-0.050755,-0.006499,0.000000
-0.276979,1.964108,0.700000,-0.049172,-0.006190,0.000000
-0.277932,1.963990,0.700000,-0.047626,-0.005881,0.000000
-0.278854,1.963879,0.700000,-0.046115,-0.005573,0.000000
-0.279747,1.963773,0.700000,-0.044638,-0.005265,0.000000
-0.280611,1.963674,0.700000,-0.043196,-0.004959,0.000000
-0.281447,1.963581,0.700000,-0.041787,-0.004655,0.000000
-0.282255,1.963494,0.700000,-0.040412,-0.004352,0.000000
-0.283036,1.963413,0.700000,-0.039070,-0.004053,0.000000
-0.283791,1.963338,0.700000,-0.037760,-0.003757,0.000000
-0.284521,1.963269,0.700000,-0.036482,-0.003464,0.000000
-0.285226,1.963205,0.700000,-0.035236,-0.003176,0.000000
-0.285906,1.963147,0.700000,-0.034021,-0.002892,0.000000
-0.286563,1.963095,0.700000,-0.032836,-0.002613,0.000000
-0.287197,1.963048,0.700000,-0.031682,-0.002339,0.000000
-0.287808,1.963007,0.700000,-0.030558,-0.002071,0.000000
-0.288397,1.962971,0.700000,-0.029463,-0.001809,0.000000
-0.288965,1.962940,0.700000,-0.028398,-0.001553,0.000000
-0.289512,1.962914,0.700000,-0.027362,-0.001303,0.000000
-0.290039,1.962892,0.700000,-0.026354,-0.001060,0.000000
-0.290547,1.962876,0.700000,-0.025374,-0.000824,0.000000
-0.291035,1.962864,0.700000,-0.024422,-0.000596,0.000000
-0.291505,1.962856,0.700000,-0.023497,-0.000375,0.000000
-0.291957,1.962853,0.700000,-0.022600,-0.000161,0.000000
-0.292392,1.962854,0.700000,-0.021729,0.000044,0.000000
-0.292809,1.962859,0.700000,-0.020884,0.000242,0.000000
-0.293211,1.962868,0.700000,-0.020065,0.000432,0.000000
-0.293596,1.962880,0.700000,-0.019271,0.000613,0.000000
-0.293966,1.962896,0.700000,-0.018503,0.000786,0.000000
-0.294321,1.962915,0.700000,-0.017760,0.000951,0.000000
-0.294662,1.962937,0.700000,-0.017040,0.001107,0.000000
-0.294989,1.962962,0.700000,-0.016345,0.001255,0.000000
-0.295302,1.962990,0.700000,-0.015673,0.001394,0.000000
-0.295603,1.963020,0.700000,-0.015025,0.001525,0.000000
-0.295891,1.963053,0.700000,-0.014399,0.001647,0.000000
-0.296167,1.963088,0.700000,-0.013795,0.001761,0.000000
-0.296431,1.963126,0.700000,-0.013214,0.001866,0.000000
-0.296684,1.963165,0.700000,-0.012654,0.001964,0.000000
-0.296926,1.963206,0.700000,-0.012115,0.002052,0.000000
-0.297158,1.963249,0.700000,-0.011596,0.002133,0.000000
-0.297380,1.963293,0.700000,-0.011098,0.002206,0.000000
-0.297593,1.963338,0.700000,-0.010620,0.002270,0.000000
-0.297796,1.963385,0.700000,-0.010161,0.002327,0.000000
-0.297990,1.963432,0.700000,-0.009721,0.002376,0.000000
-0.298176,1.963481,0.700000,-0.009300,0.002418,0.000000
-0.298354,1.963530,0.700000,-0.008896,0.002452,0.000000
-0.298525,1.963579,0.700000,-0.008510,0.002479,0.000000
-0.298687,1.963629,0.700000,-0.008142,0.002498,0.000000
-0.298843,1.963679,0.700000,-0.007790,0.002511,0.000000
-0.298992,1.963730,0.700000,-0.007454,0.002518,0.000000
-0.299135,1.963780,0.700000,-0.007134,0.002518,0.000000
-0.299272,1.963830,0.700000,-0.006830,0.002511,0.000000
-0.299402,1.963880,0.700000,-0.006540,0.002499,0.000000
-0.299528,1.963930,0.700000,-0.006265,0.002481,0.000000
-0.299648,1.963979,0.700000,-0.006004,0.002457,0.000000
-0.299763,1.964028,0.700000,-0.005757,0.002428,0.000000
-0.299873,1.964075,0.700000,-0.005523,0.002394,0.000000
-0.299979,1.964123,0.700000,-0.005301,0.002355,0.000000
-0.300081,1.964169,0.700000,-0.005092,0.002311,0.000000
-0.300179,1.964214,0.700000,-0.004894,0.002263,0.000000
-0.300273,1.964258,0.700000,-0.004708,0.002211,0.000000
-0.300364,1.964301,0.700000,-0.004533,0.002155,0.000000
-0.300451,1.964343,0.700000,-0.004369,0.002095,0.000000
-0.300536,1.964384,0.700000,-0.004214,0.002032,0.000000
-0.300617,1.964423,0.700000,-0.004070,0.001966,0.000000
-0.300696,1.964461,0.700000,-0.003934,0.001897,0.000000
-0.300772,1.964498,0.700000,-0.003808,0.001826,0.000000
-0.300846,1.964533,0.700000,-0.003689,0.001752,0.000000
-0.300917,1.964566,0.700000,-0.003580,0.001675,0.000000
-0.300987,1.964598,0.700000,-0.003477,0.001597,0.000000
-0.301054,1.964629,0.700000,-0.003382,0.001518,0.000000
-0.301120,1.964657,0.700000,-0.003294,0.001436,0.000000
-0.301184,1.964684,0.700000,-0.003213,0.001354,0.000000
-0.301247,1.964710,0.700000,-0.003138,0.001270,0.000000
-0.301309,1.964734,0.700000,-0.003068,0.001186,0.000000
-0.301369,1.964756,0.700000,-0.003004,0.001101,0.000000
-0.301428,1.964776,0.700000,-0.002946,0.001016,0.000000
-0.301485,1.964794,0.700000,-0.002892,0.000931,0.000000
-0.301542,1.964811,0.700000,-0.002843,0.000846,0.000000
-0.301598,1.964827,0.700000,-0.002798,0.000760,0.000000
-0.301653,1.964840,0.700000,-0.002757,0.000676,0.000000
-0.301708,1.964852,0.700000,-0.002719,0.000592,0.000000
-0.301761,1.964862,0.700000,-0.002685,0.000508,0.000000
-0.301815,1.964871,0.700000,-0.002654,0.000426,0.000000
-0.301867,1.964878,0.700000,-0.002626,0.000345,0.000000
-0.301919,1.964883,0.700000,-0.002600,0.000265,0.000000
-0.301971,1.964887,0.700000,-0.002577,0.000186,0.000000
-0.302022,1.964889,0.700000,-0.002555,0.000109,0.000000
-0.302072,1.964889,0.700000,-0.002536,0.000034,0.000000
-0.302123,1.964889,0.700000,-0.002517,-0.000040,0.000000
-0.302173,1.964886,0.700000,-0.002501,-0.000113,0.000000
-0.302222,1.964883,0.700000,-0.002484,-0.000188,0.000000
-0.302272,1.964877,0.700000,-0.002468,-0.000268,0.000000
-0.302321,1.964870,0.700000,-0.002451,-0.000357,0.000000
-0.302369,1.964861,0.700000,-0.002432,-0.000461,0.000000
-0.302418,1.964849,0.700000,-0.002409,-0.000586,0.000000
-0.302465,1.964834,0.700000,-0.002382,-0.000740,0.000000
-0.302512,1.964816,0.700000,-0.002349,-0.000930,0.000000
-0.302558,1.964792,0.700000,-0.002308,-0.001167,0.000000
-0.302604,1.964763,0.700000,-0.002258,-0.001459,0.000000
-0.302648,1.964727,0.700000,-0.002197,-0.001818,0.000000
-0.302690,1.964682,0.700000,-0.002123,-0.002254,0.000000
-0.302731,1.964626,0.700000,-0.002034,-0.002781,0.000000
-0.302769,1.964558,0.700000,-0.001927,-0.003411,0.000000
-0.302805,1.964475,0.700000,-0.001802,-0.004156,0.000000
-0.302838,1.964374,0.700000,-0.001655,-0.005032,0.000000
-0.302868,1.964253,0.700000,-0.001484,-0.006053,0.000000
-0.302894,1.964108,0.700000,-0.001287,-0.007232,0.000000
-0.302915,1.963937,0.700000,-0.001061,-0.008587,0.000000
-0.302931,1.963734,0.700000,-0.000804,-0.010131,0.000000
-0.302941,1.963496,0.700000,-0.000513,-0.011882,0.000000
-0.302945,1.963219,0.700000,-0.000187,-0.013855,0.000000
-0.302941,1.962898,0.700000,0.000179,-0.016068,0.000000
-0.302930,1.962527,0.700000,0.000586,-0.018536,0.000000
-0.302909,1.962102,0.700000,0.001036,-0.021277,0.000000
-0.302878,1.961616,0.700000,0.001534,-0.024307,0.000000
-0.302837,1.961063,0.700000,0.002080,-0.027645,0.000000
-0.302783,1.960437,0.700000,0.002679,-0.031306,0.000000
-0.302716,1.959730,0.700000,0.003332,-0.035309,0.000000
-0.302636,1.958937,0.700000,0.004042,-0.039670,0.000000
-0.302539,1.958049,0.700000,0.004811,-0.044406,0.000000
-0.302427,1.957058,0.700000,0.005643,-0.049534,0.000000
-0.302296,1.955957,0.700000,0.006539,-0.055068,0.000000
-0.302146,1.954736,0.700000,0.007501,-0.061020,0.000000
-0.301975,1.953388,0.700000,0.008531,-0.067402,0.000000
-0.301783,1.951904,0.700000,0.009630,-0.074223,0.000000
-0.301567,1.950274,0.700000,0.010800,-0.081491,0.000000
-0.301326,1.948490,0.700000,0.012041,-0.089214,0.000000
-0.301059,1.946542,0.700000,0.013355,-0.097397,0.000000
-0.300764,1.944421,0.700000,0.014741,-0.106043,0.000000
-0.300440,1.942118,0.700000,0.016201,-0.115155,0.000000
-0.300085,1.939623,0.700000,0.017734,-0.124734,0.000000
-0.299698,1.936928,0.700000,0.019341,-0.134779,0.000000
-0.299278,1.934022,0.700000,0.021021,-0.145291,0.000000
-0.298822,1.930897,0.700000,0.022774,-0.156265,0.000000
-0.298330,1.927543,0.700000,0.024599,-0.167698,0.000000
-0.297800,1.923951,0.700000,0.026496,-0.179586,0.000000
-0.297231,1.920112,0.700000,0.028463,-0.191921,0.000000
-0.296621,1.916019,0.700000,0.030500,-0.204698,0.000000
-0.295969,1.911660,0.700000,0.032605,-0.217907,0.000000
-0.295274,1.907030,0.700000,0.034778,-0.231541,0.000000
-0.294533,1.902118,0.700000,0.037016,-0.245588,0.000000
-0.293747,1.896917,0.700000,0.039317,-0.260038,0.000000
-0.292913,1.891419,0.700000,0.041681,-0.274880,0.000000
-0.292031,1.885617,0.700000,0.044106,-0.290101,0.000000
-0.291099,1.879504,0.700000,0.046589,-0.305687,0.000000
-0.290117,1.873071,0.700000,0.049128,-0.321626,0.000000
-0.289082,1.866313,0.700000,0.051721,-0.337902,0.000000
-0.287995,1.859223,0.700000,0.054367,-0.354501,0.000000
-0.286854,1.851795,0.700000,0.057062,-0.371407,0.000000
-0.285658,1.844023,0.700000,0.059805,-0.388604,0.000000
-0.284406,1.835901,0.700000,0.062593,-0.406075,0.000000
-0.283097,1.827425,0.700000,0.065423,-0.423804,0.000000
-0.281732,1.818590,0.700000,0.068293,-0.441772,0.000000
-0.280308,1.809391,0.700000,0.071200,-0.459961,0.000000
-0.278825,1.799824,0.700000,0.074141,-0.478351,0.000000
-0.277282,1.789885,0.700000,0.077113,-0.496922,0.000000
-0.275680,1.779572,0.700000,0.080112,-0.515653,0.000000
-0.274018,1.768882,0.700000,0.083137,-0.534523,0.000000
-0.272294,1.757812,0.700000,0.086182,-0.553510,0.000000
-0.270509,1.746360,0.700000,0.089245,-0.572592,0.000000
-0.268663,1.734525,0.700000,0.092321,-0.591747,0.000000
-0.266754,1.722306,0.700000,0.095408,-0.610951,0.000000
-0.264784,1.709702,0.700000,0.098502,-0.630181,0.000000
-0.262752,1.696714,0.700000,0.101599,-0.649415,0.000000
-0.260658,1.683341,0.700000,0.104695,-0.668628,0.000000
-0.258503,1.669585,0.700000,0.107786,-0.687796,0.000000
-0.256285,1.655447,0.700000,0.110870,-0.706897,0.000000
-0.254007,1.640929,0.700000,0.113940,-0.725907,0.000000
-0.251667,1.626033,0.700000,0.116995,-0.744801,0.000000
-0.249266,1.610762,0.700000,0.120030,-0.763557,0.000000
-0.246805,1.595119,0.700000,0.123041,-0.782150,0.000000
-0.244285,1.579108,0.700000,0.126025,-0.800559,0.000000
-0.241705,1.562733,0.700000,0.128977,-0.818759,0.000000
-0.239067,1.545998,0.700000,0.131895,-0.836728,0.000000
-0.236372,1.528909,0.700000,0.134774,-0.854444,0.000000
-0.233620,1.511472,0.700000,0.137610,-0.871884,0.000000
-0.230812,1.493691,0.700000,0.140401,-0.889027,0.000000
-0.227949,1.475574,0.700000,0.143142,-0.905851,0.000000
-0.225032,1.457127,0.700000,0.145830,-0.922335,0.000000
-0.222063,1.438358,0.700000,0.148462,-0.938460,0.000000
-0.219042,1.419274,0.700000,0.151035,-0.954204,0.000000
-0.215971,1.399883,0.700000,0.153544,-0.969550,0.000000
-0.212852,1.380194,0.700000,0.155987,-0.984476,0.000000
-0.209684,1.360214,0.700000,0.158361,-0.998966,0.000000
-0.206471,1.340214,0.700000,0.160664,-1.000000,0.000000
-0.203213,1.320214,0.700000,0.162892,-1.000000,0.000000
-0.199912,1.300214,0.700000,0.165044,-1.000000,0.000000
-0.196570,1.280214,0.700000,0.167115,-1.000000,0.000000
-0.193188,1.260214,0.700000,0.169105,-1.000000,0.000000
-0.189768,1.240214,0.700000,0.171009,-1.000000,0.000000
-0.186311,1.220214,0.700000,0.172826,-1.000000,0.000000
-0.182820,1.200214,0.700000,0.174553,-1.000000,0.000000
-0.179296,1.180214,0.700000,0.176188,-1.000000,0.000000
-0.175742,1.160214,0.700000,0.177729,-1.000000,0.000000
-0.172158,1.140214,0.700000,0.179173,-1.000000,0.000000
-0.168548,1.120214,0.700000,0.180520,-1.000000,0.000000
-0.164913,1.100214,0.700000,0.181766,-1.000000,0.000000
-0.161254,1.080214,0.700000,0.182911,-1.000000,0.000000
-0.157575,1.060214,0.700000,0.183952,-1.000000,0.000000
-0.153878,1.040214,0.700000,0.184889,-1.000000,0.000000
-0.150163,1.020214,0.700000,0.185719,-1.000000,0.000000
-0.146434,1.000214,0.700000,0.186442,-1.000000,0.000000
-0.142693,0.980214,0.700000,0.187057,-1.000000,0.000000
-0.138942,0.960214,0.700000,0.187561,-1.000000,0.000000
-0.135183,0.940214,0.700000,0.187955,-1.000000,0.000000
-0.131418,0.920214,0.700000,0.188237,-1.000000,0.000000
-0.127650,0.900214,0.700000,0.188408,-1.000000,0.000000
-0.123881,0.880214,0.700000,0.188465,-1.000000,0.000000
-0.120113,0.860214,0.700000,0.188409,-1.000000,0.000000
-0.116348,0.840214,0.700000,0.188239,-1.000000,0.000000
-0.112589,0.820214,0.700000,0.187954,-1.000000,0.000000
-0.108838,0.800214,0.700000,0.187555,-1.000000,0.000000
-0.105097,0.780214,0.700000,0.187042,-1.000000,0.000000
-0.101368,0.760214,0.700000,0.186414,-1.000000,0.000000
-0.097655,0.740214,0.700000,0.185671,-1.000000,0.000000
-0.093959,0.720214,0.700000,0.184814,-1.000000,0.000000
-0.090282,0.700214,0.700000,0.183843,-1.000000,0.000000
-0.086627,0.680214,0.700000,0.182759,-1.000000,0.000000
-0.082995,0.660214,0.700000,0.181563,-1.000000,0.000000
-0.079390,0.640214,0.700000,0.180255,-1.000000,0.000000
-0.075814,0.620214,0.700000,0.178838,-1.000000,0.000000
-0.072267,0.600214,0.700000,0.177311,-1.000000,0.000000
-0.068754,0.580214,0.700000,0.175678,-1.000000,0.000000
-0.065275,0.560214,0.700000,0.173938,-1.000000,0.000000
-0.061833,0.540214,0.700000,0.172095,-1.000000,0.000000
-0.058430,0.520214,0.700000,0.170150,-1.000000,0.000000
-0.055068,0.500214,0.700000,0.168104,-1.000000,0.000000
-0.051749,0.480227,0.700000,0.165960,-0.999347,0.000000
-0.048474,0.460271,0.700000,0.163720,-0.997831,0.000000
-0.045247,0.440362,0.700000,0.161387,-0.995449,0.000000
-0.042067,0.420518,0.700000,0.158961,-0.992202,0.000000
-0.038939,0.400756,0.700000,0.156446,-0.988089,0.000000
-0.035862,0.381094,0.700000,0.153844,-0.983113,0.000000
-0.032839,0.361548,0.700000,0.151158,-0.977277,0.000000
-0.029871,0.342136,0.700000,0.148389,-0.970586,0.000000
-0.026960,0.322875,0.700000,0.145540,-0.963046,0.000000
-0.024108,0.303782,0.700000,0.142615,-0.954665,0.000000
-0.021315,0.284873,0.700000,0.139616,-0.945449,0.000000
-0.018584,0.266165,0.700000,0.136545,-0.935409,0.000000
-0.015916,0.247674,0.700000,0.133405,-0.924554,0.000000
-0.013312,0.229416,0.700000,0.130199,-0.912896,0.000000
-0.010774,0.211407,0.700000,0.126930,-0.900446,0.000000
-0.008302,0.193663,0.700000,0.123601,-0.887219,0.000000
-0.005897,0.176198,0.700000,0.120214,-0.873227,0.000000
-0.003562,0.159029,0.700000,0.116773,-0.858484,0.000000
-0.001296,0.142168,0.700000,0.113280,-0.843008,0.000000
0.000898,0.125632,0.700000,0.109738,-0.826817,0.000000
0.003021,0.109433,0.700000,0.106151,-0.809930,0.000000
0.005072,0.093586,0.700000,0.102522,-0.792371,0.000000
0.007049,0.078103,0.700000,0.098856,-0.774163,0.000000
0.008952,0.062996,0.700000,0.095156,-0.755333,0.000000
0.010781,0.048278,0.700000,0.091426,-0.735907,0.000000
0.012534,0.033960,0.700000,0.087671,-0.715915,0.000000
0.014212,0.020052,0.700000,0.083894,-0.695387,0.000000
0.015814,0.006565,0.700000,0.080101,-0.674355,0.000000
0.017340,-0.006492,0.700000,0.076294,-0.652851,0.000000
0.018789,-0.019110,0.700000,0.072480,-0.630910,0.000000
0.020163,-0.031282,0.700000,0.068663,-0.608567,0.000000
0.021460,-0.042999,0.700000,0.064847,-0.585857,0.000000
0.022680,-0.054255,0.700000,0.061038,-0.562817,0.000000
0.023825,-0.065045,0.700000,0.057240,-0.539485,0.000000
0.024894,-0.075363,0.700000,0.053457,-0.515898,0.000000
0.025888,-0.085205,0.700000,0.049695,-0.492096,0.000000
0.026807,-0.094567,0.700000,0.045959,-0.468116,0.000000
0.027652,-0.103447,0.700000,0.042252,-0.443999,0.000000
0.028424,-0.111843,0.700000,0.038581,-0.419784,0.000000
0.029123,-0.119753,0.700000,0.034950,-0.395510,0.000000
0.029750,-0.127177,0.700000,0.031363,-0.371218,0.000000
0.030307,-0.134116,0.700000,0.027825,-0.346948,0.000000
0.030794,-0.140571,0.700000,0.024341,-0.322738,0.000000
0.031212,-0.146544,0.700000,0.020915,-0.298630,0.000000
0.031563,-0.152037,0.700000,0.017553,-0.274662,0.000000
0.031848,-0.157054,0.700000,0.014257,-0.250873,0.000000
0.032069,-0.161600,0.700000,0.011032,-0.227302,0.000000
0.032226,-0.165680,0.700000,0.007884,-0.203987,0.000000
0.032368,-0.169650,0.700000,0.007086,-0.198486,0.000000
0.032495,-0.173513,0.700000,0.006315,-0.193152,0.000000
0.032606,-0.177273,0.700000,0.005570,-0.187978,0.000000
0.032703,-0.180932,0.700000,0.004852,-0.182957,0.000000
0.032786,-0.184493,0.700000,0.004162,-0.178085,0.000000
0.032856,-0.187960,0.700000,0.003498,-0.173355,0.000000
0.032913,-0.191336,0.700000,0.002863,-0.168762,0.000000
0.032958,-0.194622,0.700000,0.002254,-0.164301,0.000000
0.032992,-0.197821,0.700000,0.001674,-0.159966,0.000000
0.033014,-0.200936,0.700000,0.001122,-0.155753,0.000000
0.033026,-0.203969,0.700000,0.000597,-0.151658,0.000000
0.033028,-0.206923,0.700000,0.000100,-0.147674,0.000000
0.033021,-0.209799,0.700000,-0.000370,-0.143800,0.000000
0.033005,-0.212599,0.700000,-0.000812,-0.140029,0.000000
0.032980,-0.215327,0.700000,-0.001227,-0.136360,0.000000
0.032948,-0.217982,0.700000,-0.001615,-0.132786,0.000000
0.032908,-0.220568,0.700000,-0.001977,-0.129306,0.000000
0.032862,-0.223087,0.700000,-0.002312,-0.125916,0.000000
0.032810,-0.225539,0.700000,-0.002621,-0.122611,0.000000
0.032752,-0.227927,0.700000,-0.002905,-0.119391,0.000000
0.032688,-0.230252,0.700000,-0.003163,-0.116250,0.000000
0.032620,-0.232515,0.700000,-0.003397,-0.113187,0.000000
0.032548,-0.234719,0.700000,-0.003607,-0.110199,0.000000
0.032472,-0.236865,0.700000,-0.003793,-0.107282,0.000000
0.032393,-0.238954,0.700000,-0.003957,-0.104436,0.000000
0.032311,-0.240987,0.700000,-0.004098,-0.101657,0.000000
0.032227,-0.242966,0.700000,-0.004217,-0.098943,0.000000
0.032141,-0.244892,0.700000,-0.004315,-0.096293,0.000000
0.032053,-0.246766,0.700000,-0.004392,-0.093703,0.000000
0.031964,-0.248589,0.700000,-0.004449,-0.091173,0.000000
0.031874,-0.250363,0.700000,-0.004488,-0.088700,0.000000
0.031784,-0.252089,0.700000,-0.004508,-0.086283,0.000000
0.031694,-0.253767,0.700000,-0.004510,-0.083920,0.000000
0.031604,-0.255400,0.700000,-0.004495,-0.081610,0.000000
0.031515,-0.256987,0.700000,-0.004464,-0.079351,0.000000
0.031426,-0.258529,0.700000,-0.004417,-0.077142,0.000000
0.031339,-0.260029,0.700000,-0.004355,-0.074981,0.000000
0.031254,-0.261486,0.700000,-0.004280,-0.072868,0.000000
0.031170,-0.262902,0.700000,-0.004191,-0.070800,0.000000
0.031088,-0.264278,0.700000,-0.004089,-0.068778,0.000000
0.031008,-0.265614,0.700000,-0.003976,-0.066800,0.000000
0.030931,-0.266911,0.700000,-0.003852,-0.064865,0.000000
0.030857,-0.268171,0.700000,-0.003717,-0.062972,0.000000
0.030786,-0.269393,0.700000,-0.003573,-0.061120,0.000000
0.030717,-0.270579,0.700000,-0.003421,-0.059309,0.000000
0.030652,-0.271730,0.700000,-0.003260,-0.057538,0.000000
0.030590,-0.272846,0.700000,-0.003092,-0.055805,0.000000
0.030532,-0.273928,0.700000,-0.002917,-0.054111,0.000000
0.030477,-0.274977,0.700000,-0.002736,-0.052454,0.000000
0.030426,-0.275994,0.700000,-0.002550,-0.050834,0.000000
0.030379,-0.276979,0.700000,-0.002360,-0.049250,0.000000
0.030336,-0.277933,0.700000,-0.002166,-0.047702,0.000000
0.030296,-0.278857,0.700000,-0.001968,-0.046190,0.000000
0.030261,-0.279751,0.700000,-0.001768,-0.044712,0.000000
0.030229,-0.280616,0.700000,-0.001566,-0.043268,0.000000
0.030202,-0.281454,0.700000,-0.001363,-0.041858,0.000000
0.030179,-0.282263,0.700000,-0.001159,-0.040481,0.000000
0.030160,-0.283046,0.700000,-0.000954,-0.039137,0.000000
0.030145,-0.283803,0.700000,-0.000750,-0.037826,0.000000
0.030134,-0.284533,0.700000,-0.000547,-0.036546,0.000000
0.030127,-0.285239,0.700000,-0.000345,-0.035298,0.000000
0.030124,-0.285921,0.700000,-0.000145,-0.034080,0.000000
0.030125,-0.286579,0.700000,0.000052,-0.032894,0.000000
0.030130,-0.287214,0.700000,0.000247,-0.031738,0.000000
0.030139,-0.287826,0.700000,0.000439,-0.030612,0.000000
0.030151,-0.288416,0.700000,0.000627,-0.029515,0.000000
0.030168,-0.288985,0.700000,0.000811,-0.028448,0.000000
0.030188,-0.289533,0.700000,0.000991,-0.027409,0.000000
0.030211,-0.290061,0.700000,0.001166,-0.026399,0.000000
0.030238,-0.290570,0.700000,0.001336,-0.025417,0.000000
0.030268,-0.291059,0.700000,0.001501,-0.024463,0.000000
0.030301,-0.291530,0.700000,0.001660,-0.023536,0.000000
0.030337,-0.291982,0.700000,0.001814,-0.022636,0.000000
0.030376,-0.292418,0.700000,0.001961,-0.021763,0.000000
0.030418,-0.292836,0.700000,0.002103,-0.020916,0.000000
0.030463,-0.293238,0.700000,0.002238,-0.020095,0.000000
0.030510,-0.293624,0.700000,0.002366,-0.019300,0.000000
0.030560,-0.293994,0.700000,0.002487,-0.018529,0.000000
0.030612,-0.294350,0.700000,0.002602,-0.017783,0.000000
0.030666,-0.294691,0.700000,0.002710,-0.017062,0.000000
0.030723,-0.295019,0.700000,0.002811,-0.016365,0.000000
0.030781,-0.295332,0.700000,0.002905,-0.015691,0.000000
0.030841,-0.295633,0.700000,0.002991,-0.015041,0.000000
0.030902,-0.295922,0.700000,0.003071,-0.014413,0.000000
0.030965,-0.296198,0.700000,0.003143,-0.013807,0.000000
0.031029,-0.296462,0.700000,0.003208,-0.013224,0.000000
0.031094,-0.296715,0.700000,0.003266,-0.012662,0.000000
0.031161,-0.296958,0.700000,0.003317,-0.012121,0.000000
0.031228,-0.297190,0.700000,0.003360,-0.011601,0.000000
0.031296,-0.297412,0.700000,0.003397,-0.011102,0.000000
0.031364,-0.297624,0.700000,0.003427,-0.010622,0.000000
0.031433,-0.297828,0.700000,0.003450,-0.010161,0.000000
0.031503,-0.298022,0.700000,0.003466,-0.009720,0.000000
0.031572,-0.298208,0.700000,0.003475,-0.009297,0.000000
0.031642,-0.298386,0.700000,0.003479,-0.008892,0.000000
0.031711,-0.298556,0.700000,0.003475,-0.008505,0.000000
0.031780,-0.298719,0.700000,0.003466,-0.008135,0.000000
0.031850,-0.298874,0.700000,0.003451,-0.007782,0.000000
0.031918,-0.299023,0.700000,0.003429,-0.007445,0.000000
0.031986,-0.299166,0.700000,0.003403,-0.007125,0.000000
0.032054,-0.299302,0.700000,0.003370,-0.006819,0.000000
0.032120,-0.299433,0.700000,0.003333,-0.006529,0.000000
0.032186,-0.299558,0.700000,0.003290,-0.006253,0.000000
0.032251,-0.299677,0.700000,0.003242,-0.005991,0.000000
0.032315,-0.299792,0.700000,0.003190,-0.005743,0.000000
0.032377,-0.299902,0.700000,0.003133,-0.005508,0.000000
0.032439,-0.300008,0.700000,0.003073,-0.005286,0.000000
0.032499,-0.300110,0.700000,0.003008,-0.005076,0.000000
0.032558,-0.300207,0.700000,0.002939,-0.004878,0.000000
0.032615,-0.300301,0.700000,0.002867,-0.004691,0.000000
0.032671,-0.300391,0.700000,0.002791,-0.004516,0.000000
0.032725,-0.300478,0.700000,0.002713,-0.004351,0.000000
0.032778,-0.300562,0.700000,0.002631,-0.004196,0.000000
0.032829,-0.300643,0.700000,0.002547,-0.004051,0.000000
0.032878,-0.300722,0.700000,0.002461,-0.003915,0.000000
0.032925,-0.300797,0.700000,0.002372,-0.003788,0.000000
0.032971,-0.300871,0.700000,0.002282,-0.003670,0.000000
0.033015,-0.300942,0.700000,0.002190,-0.003560,0.000000
0.033057,-0.301011,0.700000,0.002096,-0.003458,0.000000
0.033097,-0.301078,0.700000,0.002001,-0.003363,0.000000
0.033135,-0.301144,0.700000,0.001905,-0.003275,0.000000
0.033171,-0.301208,0.700000,0.001808,-0.003194,0.000000
0.033205,-0.301270,0.700000,0.001711,-0.003118,0.000000
0.033237,-0.301331,0.700000,0.001613,-0.003049,0.000000
0.033268,-0.301391,0.700000,0.001515,-0.002986,0.000000
0.033296,-0.301449,0.700000,0.001418,-0.002927,0.000000
0.033323,-0.301507,0.700000,0.001320,-0.002874,0.000000
0.033347,-0.301563,0.700000,0.001223,-0.002825,0.000000
0.033370,-0.301619,0.700000,0.001126,-0.002780,0.000000
0.033390,-0.301674,0.700000,0.001030,-0.002739,0.000000
0.033409,-0.301728,0.700000,0.000935,-0.002702,0.000000
0.033426,-0.301781,0.700000,0.000841,-0.002668,0.000000
0.033441,-0.301834,0.700000,0.000748,-0.002638,0.000000
0.033454,-0.301886,0.700000,0.000657,-0.002610,0.000000
0.033465,-0.301938,0.700000,0.000567,-0.002584,0.000000
0.033475,-0.301989,0.700000,0.000478,-0.002561,0.000000
0.033482,-0.302040,0.700000,0.000392,-0.002541,0.000000
0.033489,-0.302090,0.700000,0.000308,-0.002521,0.000000
0.033493,-0.302140,0.700000,0.000225,-0.002504,0.000000
0.033496,-0.302190,0.700000,0.000145,-0.002488,0.000000
0.033497,-0.302240,0.700000,0.000067,-0.002473,0.000000
0.033497,-0.302289,0.700000,-0.000009,-0.002459,0.000000
0.033495,-0.302338,0.700000,-0.000083,-0.002447,0.000000
0.033492,-0.302386,0.700000,-0.000154,-0.002434,0.000000
0.033488,-0.302435,0.700000,-0.000222,-0.002423,0.000000
0.033482,-0.302483,0.700000,-0.000288,-0.002411,0.000000
0.033475,-0.302531,0.700000,-0.000351,-0.002400,0.000000
0.033467,-0.302579,0.700000,-0.000411,-0.002389,0.000000
0.033458,-0.302626,0.700000,-0.000469,-0.002378,0.000000
0.033447,-0.302674,0.700000,-0.000523,-0.002366,0.000000
0.033436,-0.302721,0.700000,-0.000575,-0.002354,0.000000
0.033423,-0.302768,0.700000,-0.000624,-0.002342,0.000000
0.033410,-0.302814,0.700000,-0.000671,-0.002330,0.000000
0.033395,-0.302861,0.700000,-0.000714,-0.002317,0.000000
0.033380,-0.302907,0.700000,-0.000754,-0.002303,0.000000
0.033365,-0.302952,0.700000,-0.000792,-0.002288,0.000000
0.033348,-0.302998,0.700000,-0.000827,-0.002273,0.000000
0.033331,-0.303043,0.700000,-0.000859,-0.002257,0.000000
0.033313,-0.303088,0.700000,-0.000888,-0.002240,0.000000
0.033295,-0.303132,0.700000,-0.000914,-0.002222,0.000000
0.033276,-0.303176,0.700000,-0.000937,-0.002203,0.000000
0.033257,-0.303220,0.700000,-0.000958,-0.002183,0.000000
0.033237,-0.303263,0.700000,-0.000976,-0.002162,0.000000
0.033218,-0.303306,0.700000,-0.000992,-0.002140,0.000000
0.033197,-0.303348,0.700000,-0.001004,-0.002117,0.000000
0.033177,-0.303390,0.700000,-0.001014,-0.002093,0.000000
0.033157,-0.303431,0.700000,-0.001022,-0.002067,0.000000
0.033136,-0.303472,0.700000,-0.001027,-0.002041,0.000000
0.033116,-0.303513,0.700000,-0.001030,-0.002014,0.000000
0.033095,-0.303552,0.700000,-0.001031,-0.001986,0.000000
0.033074,-0.303591,0.700000,-0.001029,-0.001956,0.000000
0.033054,-0.303630,0.700000,-0.001025,-0.001926,0.000000
0.033033,-0.303668,0.700000,-0.001019,-0.001895,0.000000
0.033013,-0.303705,0.700000,-0.001011,-0.001862,0.000000
0.032993,-0.303742,0.700000,-0.001001,-0.001829,0.000000
0.032973,-0.303778,0.700000,-0.000989,-0.001795,0.000000
0.032954,-0.303813,0.700000,-0.000976,-0.001760,0.000000
0.032935,-0.303847,0.700000,-0.000960,-0.001725,0.000000
0.032916,-0.303881,0.700000,-0.000944,-0.001688,0.000000
0.032897,-0.303914,0.700000,-0.000925,-0.001651,0.000000
0.032879,-0.303946,0.700000,-0.000905,-0.001614,0.000000
0.032862,-0.303978,0.700000,-0.000884,-0.001575,0.000000
0.032844,-0.304009,0.700000,-0.000861,-0.001536,0.000000
0.032828,-0.304039,0.700000,-0.000838,-0.001497,0.000000
0.032811,-0.304068,0.700000,-0.000813,-0.001457,0.000000
0.032796,-0.304096,0.700000,-0.000787,-0.001417,0.000000
0.032780,-0.304124,0.700000,-0.000760,-0.001376,0.000000
0.032766,-0.304150,0.700000,-0.000732,-0.001336,0.000000
0.032752,-0.304176,0.700000,-0.000704,-0.001294,0.000000
0.032738,-0.304201,0.700000,-0.000675,-0.001253,0.000000
0.032725,-0.304225,0.700000,-0.000645,-0.001212,0.000000
0.032713,-0.304249,0.700000,-0.000615,-0.001170,0.000000
0.032701,-0.304271,0.700000,-0.000584,-0.001129,0.000000
0.032690,-0.304293,0.700000,-0.000553,-0.001087,0.000000
0.032680,-0.304314,0.700000,-0.000521,-0.001046,0.000000
0.032670,-0.304334,0.700000,-0.000490,-0.001005,0.000000
0.032661,-0.304353,0.700000,-0.000458,-0.000964,0.000000
0.032652,-0.304372,0.700000,-0.000426,-0.000923,0.000000
0.032644,-0.304390,0.700000,-0.000395,-0.000882,0.000000
0.032637,-0.304406,0.700000,-0.000363,-0.000842,0.000000
0.032631,-0.304422,0.700000,-0.000331,-0.000802,0.000000
0.032625,-0.304438,0.700000,-0.000300,-0.000763,0.000000
0.032619,-0.304452,0.700000,-0.000269,-0.000724,0.000000
0.032614,-0.304466,0.700000,-0.000238,-0.000686,0.000000
0.032610,-0.304479,0.700000,-0.000208,-0.000648,0.000000
0.032607,-0.304491,0.700000,-0.000178,-0.000611,0.000000
0.032604,-0.304503,0.700000,-0.000148,-0.000575,0.000000
0.032601,-0.304513,0.700000,-0.000119,-0.000539,0.000000
0.032600,-0.304523,0.700000,-0.000090,-0.000504,0.000000
0.032598,-0.304533,0.700000,-0.000063,-0.000469,0.000000
0.032598,-0.304542,0.700000,-0.000035,-0.000436,0.000000
0.032597,-0.304550,0.700000,-0.000009,-0.000403,0.000000
0.032598,-0.304557,0.700000,0.000017,-0.000371,0.000000
0.032599,-0.304564,0.700000,0.000042,-0.000340,0.000000
0.032600,-0.304570,0.700000,0.000066,-0.000310,0.000000
0.032602,-0.304576,0.700000,0.000090,-0.000281,0.000000
0.032604,-0.304581,0.700000,0.000112,-0.000252,0.000000
0.032607,-0.304585,0.700000,0.000134,-0.000225,0.000000
0.032610,-0.304589,0.700000,0.000155,-0.000198,0.000000
0.032613,-0.304593,0.700000,0.000175,-0.000173,0.000000
0.032617,-0.304596,0.700000,0.000194,-0.000148,0.000000
0.032621,-0.304598,0.700000,0.000212,-0.000125,0.000000
0.032626,-0.304600,0.700000,0.000229,-0.000102,0.000000
0.032631,-0.304602,0.700000,0.000245,-0.000080,0.000000
0.032636,-0.304603,0.700000,0.000260,-0.000060,0.000000
0.032641,-0.304604,0.700000,0.000274,-0.000040,0.000000
0.032647,-0.304604,0.700000,0.000288,-0.000021,0.000000
0.032653,-0.304604,0.700000,0.000300,-0.000004,0.000000
0.032659,-0.304604,0.700000,0.000311,0.000013,0.000000
0.032666,-0.304603,0.700000,0.000322,0.000029,0.000000
0.032673,-0.304603,0.700000,0.000331,0.000043,0.000000
0.032679,-0.304601,0.700000,0.000340,0.000057,0.000000
0.032686,-0.304600,0.700000,0.000347,0.000070,0.000000
0.032693,-0.304598,0.700000,0.000354,0.000082,0.000000
0.032701,-0.304596,0.700000,0.000360,0.000093,0.000000
0.032708,-0.304594,0.700000,0.000365,0.000103,0.000000
0.032715,-0.304592,0.700000,0.000369,0.000112,0.000000
0.032723,-0.304590,0.700000,0.000372,0.000121,0.000000
0.032730,-0.304587,0.700000,0.000374,0.000128,0.000000
0.032738,-0.304585,0.700000,0.000375,0.000135,0.000000
0.032745,-0.304582,0.700000,0.000376,0.000140,0.000000
0.032753,-0.304579,0.700000,0.000376,0.000145,0.000000
0.032760,-0.304576,0.700000,0.000375,0.000150,0.000000
0.032768,-0.304573,0.700000,0.000373,0.000153,0.000000
0.032775,-0.304570,0.700000,0.000371,0.000156,0.000000
0.032782,-0.304566,0.700000,0.000368,0.000158,0.000000
0.032790,-0.304563,0.700000,0.000364,0.000159,0.000000
0.032797,-0.304560,0.700000,0.000360,0.000160,0.000000
0.032804,-0.304557,0.700000,0.000355,0.000160,0.000000
0.032811,-0.304554,0.700000,0.000350,0.000160,0.000000
0.032818,-0.304551,0.700000,0.000344,0.000159,0.000000
0.032825,-0.304547,0.700000,0.000337,0.000157,0.000000
0.032831,-0.304544,0.700000,0.000330,0.000155,0.000000
0.032838,-0.304541,0.700000,0.000323,0.000152,0.000000
0.032844,-0.304538,0.700000,0.000315,0.000149,0.000000
0.032850,-0.304535,0.700000,0.000306,0.000145,0.000000
0.032856,-0.304533,0.700000,0.000298,0.000141,0.000000
0.032862,-0.304530,0.700000,0.000289,0.000137,0.000000
0.032867,-0.304527,0.700000,0.000279,0.000132,0.000000
0.032873,-0.304525,0.700000,0.000270,0.000127,0.000000
0.032878,-0.304522,0.700000,0.000260,0.000122,0.000000
0.032883,-0.304520,0.700000,0.000250,0.000116,0.000000
0.032888,-0.304518,0.700000,0.000239,0.000111,0.000000
0.032892,-0.304516,0.700000,0.000229,0.000104,0.000000
0.032897,-0.304514,0.700000,0.000218,0.000098,0.000000
0.032901,-0.304512,0.700000,0.000207,0.000092,0.000000
0.032905,-0.304510,0.700000,0.000196,0.000085,0.000000
0.032908,-0.304508,0.700000,0.000185,0.000078,0.000000
0.032912,-0.304507,0.700000,0.000174,0.000071,0.000000
0.032915,-0.304506,0.700000,0.000163,0.000064,0.000000
0.032918,-0.304505,0.700000,0.000152,0.000057,0.000000
0.032921,-0.304504,0.700000,0.000141,0.000050,0.000000
0.032924,-0.304503,0.700000,0.000130,0.000043,0.000000
0.032926,-0.304502,0.700000,0.000119,0.000036,0.000000
0.032928,-0.304501,0.700000,0.000109,0.000029,0.000000
0.032930,-0.304501,0.700000,0.000098,0.000022,0.000000
0.032932,-0.304501,0.700000,0.000087,0.000015,0.000000
0.032933,-0.304501,0.700000,0.000077,0.000008,0.000000
0.032935,-0.304500,0.700000,0.000067,0.000001,0.000000
0.032936,-0.304501,0.700000,0.000056,-0.000005,0.000000
0.032937,-0.304501,0.700000,0.000047,-0.000012,0.000000
0.032938,-0.304501,0.700000,0.000037,-0.000018,0.000000
0.032938,-0.304502,0.700000,0.000027,-0.000025,0.000000
0.032939,-0.304502,0.700000,0.000018,-0.000031,0.000000
0.032939,-0.304503,0.700000,0.000009,-0.000037,0.000000
0.032939,-0.304504,0.700000,0.000000,-0.000043,0.000000
0.032939,-0.304505,0.700000,-0.000008,-0.000048,0.000000
0.032938,-0.304506,0.700000,-0.000016,-0.000054,0.000000
0.032938,-0.304507,0.700000,-0.000024,-0.000059,0.000000
0.032937,-0.304508,0.700000,-0.000032,-0.000064,0.000000
0.032936,-0.304510,0.700000,-0.000039,-0.000069,0.000000
0.032935,-0.304511,0.700000,-0.000046,-0.000073,0.000000
0.032934,-0.304513,0.700000,-0.000053,-0.000078,0.000000
